#time		flux		flux_err
2458918.124880498	1.0000578106940547	0.00016020118126944046
2458918.125228298	1.0002224378327975	0.0001605547017503392
2458918.125576098	0.9999062091687833	0.0001600661715269453
2458918.1259238985	1.000320977911234	0.0001601426628279755
2458918.126271698	1.0001327226343506	0.00016029641956286428
2458918.126619498	0.999871518098507	0.00016010252024277718
2458918.1269672923	1.000031484530952	0.0001599251660552824
2458918.1273150863	1.0002212474639844	0.00015995339020644886
2458918.1276628864	1.0003266670725584	0.00016003237875540226
2458918.128010686	0.9997970302996424	0.00015995645508663303
2458918.128358487	1.0001633265756509	0.00016027578044541164
2458918.1287062867	0.9999333507256823	0.00016020401077126826
2458918.1290540863	1.0002312982752894	0.00016006920488627295
2458918.129401887	1.0000806899434687	0.0001602230093038608
2458918.1297496865	0.9999337251030774	0.00016015084893821323
2458918.1300974865	1.0001594112440624	0.00016022145250675526
2458918.130445286	1.0001768919180274	0.00015985231965018424
2458918.1307930863	1.0000286163107928	0.00016000230906273094
2458918.1311408747	1.0000341080925947	0.00016018823906687612
2458918.131488675	1.0000711173123433	0.00016030039501340092
2458918.131836475	1.0000249431814694	0.00016013019908614977
2458918.132184275	0.9999684596171226	0.00016004649307432825
2458918.132532075	0.999819961762187	0.00016010213615402457
2458918.136357863	0.9999521351819121	0.0001598990894847316
2458918.136705663	1.0000555003270675	0.00015996557811094172
2458918.137053463	0.9999283377030878	0.00016030442964134532
2458918.1374012628	1.0000098321277435	0.00015999771655131204
2458918.1377490633	1.0000598525633557	0.0001602471945971724
2458918.1380968634	0.9998968275886126	0.00015973935813407727
2458918.1384446635	1.0002060979091545	0.00016012435426118315
2458918.138792463	1.0001669438617724	0.0001602264457213641
2458918.139140263	1.0002890018301829	0.00016058476869379315
2458918.1394880516	0.9997178146032302	0.0001601597464141747
2458918.1398358517	1.000183774086916	0.00015976361312886598
2458918.1401836514	1.0000290203764572	0.0001600670135224341
2458918.1405314514	1.0000972209080474	0.0001600164939272361
2458918.140879252	1.0001931703177998	0.000160021063939377
2458918.1412270516	1.000145738551284	0.00016009411351915355
2458918.1415748517	0.9999724436372333	0.0001602328921162808
2458918.141922652	1.0001297010354906	0.0001601692958798868
2458918.1422704514	0.9996861494030214	0.00016013557162292176
2458918.1426182515	0.9997909336900795	0.00016032706101237997
2458918.1429660516	0.9998887474966875	0.00016025002166153473
2458918.1433138517	0.9997668403411077	0.00016023096242426946
2458918.1436616452	1.000193159775863	0.00016029978810869447
2458918.1440094397	0.9999884701256782	0.0001601684905133208
2458918.1443572403	1.0000357760603849	0.00015977853594928413
2458918.14470504	0.9999063505672368	0.00015957821258254888
2458918.14505284	1.000211309464092	0.000159910544142977
2458918.14540064	1.0000707273675462	0.0001600637932958934
2458918.14574844	1.0001234657644171	0.00016024355982672555
2458918.14609624	1.0001156365945187	0.0001599101460088633
2458918.1464440394	0.9996014533050256	0.0001601747853413896
2458918.14679184	1.0002585681873595	0.00016005108953860472
2458918.1471396396	1.000013303107101	0.00015998548906215237
2458918.1474874397	1.0001959340277367	0.00015999363314220488
2458918.14783524	1.0001269328230113	0.00016021681311169681
2458918.1481830287	1.0002197801080985	0.00015998336282871983
2458918.1485308283	1.0003382608194484	0.00015999769511068816
2458918.148878628	0.99995436722358	0.00016001247890449683
2458918.1492264285	0.999935762705911	0.0001603782375555982
2458918.149574228	0.9997398988943632	0.00016059651343855555
2458918.149922028	0.9999951369437675	0.00016025385692577962
2458918.150269828	1.0002501198160214	0.00016014420596282647
2458918.150617628	0.9998358517119921	0.00015998276078049698
2458918.150965428	1.0000578106045255	0.00015998139988037874
2458918.1513132276	1.0001254423014732	0.00016034887104871692
2458918.1516610286	1.0000533638108469	0.0001599323252365491
2458918.1520088282	1.0001473966239256	0.00016025281435244534
2458918.1523566167	0.999996093092403	0.00016001560795108726
2458918.1527044163	1.0001133307629562	0.0001599281120116284
2458918.1530522164	1.0000113249307554	0.00016022478150942243
2458918.1534000165	0.999818642326014	0.000160002732502801
2458918.153747816	0.9999626045244764	0.00015963385138431977
2458918.154095616	0.9999576270057837	0.00016023147802500973
2458918.1544434163	0.9999093632886905	0.00016010872468580342
2458918.154791216	0.9998801351006054	0.00015986582704352134
2458918.155139016	1.0001161150725042	0.00015984068435252564
2458918.1554868165	1.0001258136598277	0.00016019051797418665
2458918.1558346166	1.0000199116528425	0.00015997734281559135
2458918.1561824162	0.9999633190307455	0.00015997086765804505
2458918.1565302107	0.9999334301530217	0.00016044472922424564
2458918.156878005	0.9998730475167926	0.00016020930897770952
2458918.1572258044	0.9999993435116177	0.0001600938262865938
2458918.1575736045	0.999934044997562	0.00016012567392525935
2458918.1579214046	0.9998555547342607	0.00016010358121798027
2458918.1582692047	1.0002105359688394	0.00015975196826537797
2458918.1586170043	0.9999391794572184	0.00015982968923977707
2458918.1589648044	0.9997459119512275	0.00016032006693509102
2458918.1593126045	0.999940659250648	0.0001602071870441908
2458918.1596604045	0.9997856536018851	0.00016037054541004898
2458918.1600082046	0.9999429414349987	0.0001603632393631032
2458918.1603560047	1.0001534336689255	0.00016013694878850456
2458918.160703793	1.000141519609952	0.0001606338889194661
2458918.161051593	1.0001165877619458	0.0001605386391325602
2458918.161399393	1.0003113709616827	0.00015992653337105456
2458918.161747193	0.9999617040314135	0.0001604102282565661
2458918.1620949926	1.0001847754689257	0.00016041489175120695
2458918.1624427927	0.9999811838431454	0.00015980508445298912
2458918.1627905928	1.000033053235305	0.00016026486148533323
2458918.1631383924	1.0002380159901845	0.00016017169158148177
2458918.1634861925	1.0001674727459642	0.00015995139128641115
2458918.1638339926	0.9999397805906984	0.00016006177597126727
2458918.164181793	1.000048439329622	0.00016008004730047503
2458918.1645295927	0.9998676384612866	0.00016016764065289379
2458918.1648773868	0.9999302187066567	0.0001600086276467185
2458918.1652251813	0.9998647556214053	0.00016041020258545518
2458918.1659207926	0.9998619022947478	0.0001600448108757724
2458918.1662685927	1.0003400356505092	0.00016020312504315697
2458918.1666163923	0.9999377655077052	0.00016000432314032924
2458918.1669641924	1.000109382334818	0.00015977522209853303
2458918.167311992	0.9997793844736002	0.00016006637398437374
2458918.1676597926	1.000125595318391	0.00016017143929682453
2458918.168007592	0.9999615194816266	0.00016000857580459926
2458918.168355392	0.9996343859759014	0.0001601657228957176
2458918.168703192	0.9996083138187781	0.00016017749823587463
2458918.1690509925	0.9998815684472379	0.00015999158475814575
2458918.169398781	1.0001025949270337	0.0001598357982043842
2458918.1697465805	1.0002390892688755	0.00015969393326054675
2458918.170094381	1.000312076378754	0.00016011329424369384
2458918.1704421807	1.0000369542389347	0.00015999819561055004
2458918.170789981	0.999895788730314	0.00016042116128892465
2458918.1711377804	0.9999405266950394	0.00016013650967205165
2458918.1714855805	0.9997511741600621	0.00016026123789194996
2458918.1718333806	1.0000277562714859	0.00016037343283137247
2458918.17218118	1.0001538906203986	0.0001602428325560929
2458918.1725289803	0.9998664264812673	0.00016012121139637964
2458918.1728767804	0.9999144378749745	0.00015989980447875726
2458918.1732245744	1.0001551909878528	0.00016014286531636107
2458918.1735723685	0.9999974454200666	0.00015996050214718387
2458918.1739201685	1.0001410659131642	0.00016037913200818888
2458918.174267969	1.0000295633022531	0.00016002228390480825
2458918.1746157687	0.9999309186880954	0.00016040109154119036
2458918.174963569	0.9998397232621008	0.00016012346961708813
2458918.175311369	1.0000242778763506	0.0001601198215110332
2458918.1756591685	0.9998282673942035	0.00016036744866105226
2458918.1760069686	1.0000393751370644	0.00016001203121289068
2458918.1763547687	1.0002328811172603	0.00016052004244581668
2458918.176702569	0.999982343078062	0.00016007699818330694
2458918.1770503684	0.9998591001919356	0.00016021155284331193
2458918.1773981685	1.0001194582882313	0.0001601522545210641
2458918.177745957	0.9999717574999919	0.0001597331694326562
2458918.1780937565	1.0002647670747717	0.00015983860453302242
2458918.1784415566	1.0000732351447388	0.00016000576419175248
2458918.1787893567	1.000084505144954	0.00016007545590477013
2458918.179137157	0.9999391532042536	0.00016010423895636728
2458918.1794849564	0.9998832665271116	0.0001601877023391531
2458918.1798327565	1.0001490842492242	0.00016033903816728293
2458918.180180557	1.0000019632089279	0.00016025982823166866
2458918.1805283567	0.9999890152268589	0.00015990996411534568
2458918.180876157	0.9996640638458331	0.00016010884465349188
2458918.181223957	1.000255229189127	0.00016029893022532409
2458918.181571751	0.9999355965735272	0.00016026019210005338
2458918.1819195505	1.0000857648073116	0.00016006907823395224
2458918.182267345	1.0000608776788111	0.0001602258653090156
2458918.182615145	1.000006340565802	0.00016034164310481055
2458918.1829629447	1.000049342980047	0.0001601973488043821
2458918.183310745	0.9998476215925516	0.00015980777387490186
2458918.183658545	0.9998080529004832	0.0001600100034970873
2458918.1840063445	0.9999892817860955	0.00016023475547144946
2458918.1843541446	0.9998058238107058	0.00016006899639546283
2458918.1847019447	1.000039426844867	0.00016032044541690918
2458918.185049745	1.0000930722872279	0.00015999496695655023
2458918.1853975444	0.9997879005533561	0.00016040249556354547
2458918.185745344	1.000137274761956	0.000160668744262875
2458918.186093133	0.9999563812450493	0.00016008667236258443
2458918.1864409326	0.9997752157928975	0.0001597657665364363
2458918.186788733	1.0001663572215833	0.00015999583934321683
2458918.1871365327	1.0000382508845782	0.00016028320553190367
2458918.1874843333	0.999982367663152	0.00015992614057033186
2458918.187832133	1.0000470022800547	0.0001602939340776754
2458918.1881799325	1.0001960213232073	0.00015986019737516212
2458918.188527733	0.9997533632584473	0.00016020791427433817
2458918.1888755327	1.0000990928108735	0.00015999496231016976
2458918.189223333	0.999909189795206	0.0001603001759224031
2458918.1895711324	1.0000044351532558	0.00016032988534756557
2458918.1899189325	0.9998617007006413	0.00015995778172612232
2458918.1902667265	1.000005642373487	0.00016013425084782389
2458918.1906145206	0.9999396574433419	0.00016018914870282605
2458918.1909623207	1.0000032625291713	0.00016024750241848328
2458918.1913101207	0.9999941964331157	0.00016008821742439854
2458918.191657921	1.0000633670693213	0.00016045276747377916
2458918.1920057205	1.0000570924935863	0.0001602334714836991
2458918.1923535205	1.0000992601096694	0.00016006057620369485
2458918.1927013206	0.9998421366399284	0.00015982400443576646
2458918.1930491203	1.00000936192073	0.000159889139421295
2458918.1933969203	0.9998000734684556	0.0001598445739807162
2458918.1937447204	0.9999625408005965	0.00015995262543296197
2458918.19409252	1.0000432774550867	0.00015981307942314026
2458918.194440314	1.000018874999058	0.00016020272021963555
2458918.1947881086	1.000074678591178	0.0001604604648858199
2458918.195135909	1.0002017198860171	0.00016002533819488751
2458918.1954837088	1.0002367394049458	0.00016011125135360695
2458918.195831509	1.000019604684258	0.00016012018460850815
2458918.196179309	1.0001657007948759	0.00016036466493702647
2458918.1965271086	0.9998970782061026	0.00016009347077276361
2458918.1968749086	1.000053528993259	0.0001601192527648472
2458918.1972227087	1.0000815516717108	0.00016002669123067252
2458918.197570509	0.9997473675658392	0.00016057312965644935
2458918.1979183084	1.0001033716347967	0.00015997444154610473
2458918.1982661085	0.9999778360127116	0.0001603416438047797
2458918.1986139086	1.0001474151128857	0.00016011199859652258
2458918.206613284	1.0001912321488864	0.00015993564244198575
2458918.2069610846	0.9999496626760397	0.00015980221187833808
2458918.207308873	0.9999203703638117	0.0001597908575279802
2458918.2076566727	1.0000092859494627	0.00016036413512574696
2458918.2080044723	1.000106969899307	0.00015985364108341878
2458918.208352273	1.0000537139334569	0.00016011555897165662
2458918.2087000725	1.0001037963615644	0.0001601538694433719
2458918.2090478726	1.0000792500600761	0.00016011238222400563
2458918.209395672	1.0001628016138049	0.00015981241837874905
2458918.2097434723	0.9998665876158636	0.00016035405231067115
2458918.2100912724	0.9999335776191451	0.00016001743413546497
2458918.210439072	0.9998930144253035	0.00016008394278809967
2458918.2107868725	1.000064178487514	0.00016050760104104395
2458918.211134672	0.9997806602881252	0.00015982301064062753
2458918.211482466	0.9999080336848324	0.0001602656892517038
2458918.21183026	1.0000167026720619	0.0001600774002399567
2458918.2121780603	0.9999702344636617	0.0001603445720640389
2458918.2125258604	1.0001224017685988	0.00016031146763419293
2458918.21287366	0.9998558696507324	0.00016012952485571757
2458918.21322146	0.9998538109534792	0.00015997681149385864
2458918.21356926	1.000196521455352	0.0001599973019634165
2458918.21391706	1.0000968194763549	0.00016009222665856214
2458918.21426486	1.0000529244880145	0.0001600160549291251
2458918.21461266	0.9999147462713336	0.0001600812188152153
2458918.21496046	1.0001156751140536	0.00016020406285834264
2458918.2153082597	1.0000137076840987	0.00015995367780994077
2458918.215656054	1.000004966638464	0.0001606987785673387
2458918.2160038482	1.00000632761686	0.00016000001190437623
2458918.216351648	0.9997731988777221	0.00015978788092220142
2458918.216699448	0.9999693241788213	0.00016029651495828948
2458918.217047248	1.0000686194332555	0.00016024183656016873
2458918.217395048	0.9998931312695386	0.00015985866094651963
2458918.2177428477	0.9999746788838012	0.00016034991419935728
2458918.218090648	1.0001335235501314	0.0001602709752969036
2458918.218438448	0.9997181817305612	0.0001602338342262863
2458918.2187862475	0.9998827389485315	0.00016009221104312514
2458918.2191340476	0.9997443445273032	0.0001599963518903408
2458918.2194818477	1.0002902149492803	0.00016017622204590222
2458918.2198296473	0.9997673899500705	0.00016016914366819357
2458918.220177436	0.9999025933424872	0.00016038847380378144
2458918.220525236	0.9999461394016642	0.00015991060548423125
2458918.220873036	0.999856821071252	0.00016036401824607617
2458918.2212208356	1.000117277769486	0.00016086243159897307
2458918.2215686357	0.9999157342884256	0.00016012387278590046
2458918.2219164358	0.9999260429528731	0.00016016787199582948
2458918.2222642354	0.9999942216927961	0.00016040097697320424
2458918.2226120355	1.0000087604166945	0.00016005167117645394
2458918.2229598355	1.0001397723041954	0.000159940977806136
2458918.2233076356	0.9998577538053821	0.00015989237878317176
2458918.223655441	1.0000175413582844	0.0001599445343152462
2458918.224003247	1.0001261024195789	0.00016016658267579666
2458918.224351041	0.9999926676836063	0.00016012866685571347
2458918.224698835	0.999953330068779	0.0001598216369839856
2458918.225046635	0.9998902055798942	0.00016023102169802122
2458918.225394435	0.999917529335032	0.0001603317664918543
2458918.225742235	0.9999452086511995	0.00016044685195056594
2458918.226090035	1.000155296470185	0.0001602915361207815
2458918.2264378346	0.999912202249303	0.0001604563894768775
2458918.226785635	1.0001361357261604	0.00016008428174829007
2458918.2271334347	1.000052722194429	0.00016019206295367992
2458918.2274812344	1.0000501613418233	0.00016011898455369077
2458918.227829035	0.9999966174579709	0.00016041720247319882
2458918.2281768345	0.9998907386209035	0.000160149375601792
2458918.2285246286	0.99997084414897	0.00016062453191626188
2458918.2288724226	1.0001972321282433	0.00016019955092632854
2458918.229220223	0.9999972374522658	0.00015992491847622754
2458918.229568023	0.9999894977296433	0.00016021663768791107
2458918.229915823	1.0000658382974392	0.00016015450263746236
2458918.2302636225	1.0002503271644936	0.00015989445918637878
2458918.2306114226	0.9998734739982602	0.000160204481408427
2458918.2309592227	1.000511615592157	0.00016013436639905835
2458918.2313070223	0.9999556987505104	0.00015994735036389918
2458918.231654823	1.0001078061775255	0.0001598083268072036
2458918.2320026224	0.9999002265241944	0.00016063272235035807
2458918.232350422	1.0000845509335512	0.00016003071146164743
2458918.232698222	0.9998298674346024	0.00016020576177299615
2458918.2330460106	0.9999853444056427	0.0001599606543847107
2458918.2333938107	1.0003501760316187	0.0001598929730189661
2458918.2337416103	0.9999421929527701	0.0001602420701430741
2458918.2340894104	0.9999218596542713	0.00015981637573498606
2458918.23478501	1.0000789693466519	0.00016000495460924725
2458918.23513281	0.9998418191752442	0.0001603193975819905
2458918.2354806103	0.9998314978691312	0.00016001812644597733
2458918.2358284104	1.0004591137428884	0.00016001514104311992
2458918.23617621	1.000019274378614	0.00016009630619719564
2458918.23652401	1.0000009929509484	0.00015964894488669924
2458918.23687181	0.9999270265991851	0.00016031519830930156
2458918.237219598	1.0000869364916174	0.00016035621673429951
2458918.237567398	1.0001390585803607	0.00016035250950047919
2458918.2379151983	1.0001288985432888	0.00016029031492327292
2458918.2382629984	0.9998855440596738	0.00016011074255908083
2458918.238610798	0.9998733475761178	0.00016013784659988102
2458918.238958598	1.0000048566830249	0.00016032805167026006
2458918.239306398	1.0001808868819355	0.0001601734197919825
2458918.239654198	1.000241801149046	0.00016017598729958446
2458918.240001998	1.0000385046502833	0.00016013774584453975
2458918.240349798	0.9998068670005095	0.00016057281252326123
2458918.2406975976	1.0000638902424044	0.000160509561146971
2458918.2410453977	1.0000578663784068	0.00016009697329765615
2458918.2413931917	1.0002424075043679	0.00015998813306013606
2458918.2417409862	1.00030950201299	0.00016013273140744574
2458918.242088786	1.0003179018273491	0.0001601131057084264
2458918.242436586	0.9999220054320774	0.00016014135880078556
2458918.242784386	0.9999402292469171	0.0001602209172378032
2458918.243132185	0.9998593984199695	0.00016043129199108788
2458918.2434799853	1.000303209989505	0.00016049707024880938
2458918.2438277854	1.0000791276238499	0.00016037572401979687
2458918.2441755855	1.0000585179091923	0.00016032090180251158
2458918.244523385	1.000122807191993	0.00016048048835779098
2458918.2448711847	0.999936627656981	0.00016008482578756917
2458918.2452189852	1.000064873739894	0.0001599466500742271
2458918.245566785	1.0000685441907256	0.00015995166136571542
2458918.2459145733	0.9997702088827863	0.0001604326603273441
2458918.246262373	1.0001702663942436	0.0001606334711542426
2458918.2466101735	0.9999273586923365	0.00016027814600051054
2458918.246957973	0.9998260236370431	0.00016014814942319011
2458918.2473057727	0.9999625884449864	0.00016040314455002355
2458918.2476535733	1.000049211437793	0.0001599224171118886
2458918.248001373	0.9999101759470902	0.00016007875793265348
2458918.248349173	1.0000611928209835	0.00016036320401530943
2458918.2486969726	0.9999295807620342	0.00016010367982356716
2458918.2490447727	0.999990650896119	0.00016003360692925966
2458918.249392573	0.9999749246947647	0.00016031016294462062
2458918.2497403724	0.9999199236402653	0.0001602920007746496
2458918.250088161	0.9997122757246467	0.00016005616286596564
2458918.250435961	0.9999345430289169	0.00016052047212725194
2458918.250783761	0.9999037377698261	0.0001601030729374817
2458918.2511315607	0.9998021100859037	0.00016009345379183973
2458918.2514793607	0.9999916555108945	0.0001600061318980847
2458918.251827161	1.0000848850022912	0.0001601978305929909
2458918.2521749604	0.9998521059429447	0.00016014775113156642
2458918.2525227605	1.0001901690522819	0.00016006503789963667
2458918.2528705606	0.9998324159689365	0.00016012972232736455
2458918.2532183602	1.0000763621495485	0.00016031495432192763
2458918.2535661603	1.000324140346164	0.0001600143949269492
2458918.2539139604	1.000008909855392	0.00016003278687808402
2458918.2542617545	1.000008285273304	0.00016013730059699665
2458918.2546095485	0.9997006174623444	0.00015991766713586148
2458918.254957348	0.9999692778719201	0.00016015083236976227
2458918.255305148	1.0001835024791097	0.0001602023765216059
2458918.2556529483	1.0000416847262825	0.00016030823428758308
2458918.256000748	0.9998470880983336	0.00016013254946718307
2458918.256348548	1.00001004730307	0.00016008980905828614
2458918.256696348	1.0002174598896998	0.00016013929404707784
2458918.2570441477	0.9998649222878665	0.00016030364876556293
2458918.257391948	0.999771369858301	0.00016013243090308912
2458918.257739748	0.9999780986746569	0.00016019190144174735
2458918.2580875475	0.9996544808916166	0.00015959582687283334
2458918.2584353476	0.9998038525517257	0.00016037470847206063
2458918.258783136	0.9995149904123659	0.0001604037633540469
2458918.259130936	0.9999342882023262	0.00015992221822121375
2458918.2594787357	1.0001678162624066	0.00016024835781065696
2458918.259826536	1.0000390760269506	0.0001601319684619551
2458918.260174336	0.9999608051920504	0.0001601280470816975
2458918.2605221355	1.0001146419210503	0.00015984530404829981
2458918.2608699356	0.9997537236583005	0.00016026043050409566
2458918.2612177357	1.0000376852180592	0.00016033241750711873
2458918.261565536	0.9998410685400142	0.00016020827233508727
2458918.2619133354	0.9999897318622087	0.00016005719084086873
2458918.2622611355	1.000153458237825	0.0001600762200316719
2458918.2626089356	0.9999865194217318	0.0001605138202817354
2458918.2629567236	0.9999486532175379	0.00016018875012043294
2458918.263304523	1.0001305613592721	0.00015994943739926408
2458918.2636523233	1.0000511811285315	0.00015999162137505165
2458918.2640001234	1.0000589298899722	0.00015998461644039632
2458918.264347923	0.999834625088842	0.00016025066344764206
2458918.2772164852	1.0001957128437007	0.0001598591627565421
2458918.2775642853	0.9998783217001559	0.00015987951254247258
2458918.277912085	1.000242646959999	0.00015946179435237458
2458918.278259885	0.9999437764027245	0.00016037966292540865
2458918.278607685	0.9999199166942033	0.0001606200031053757
2458918.2789554847	1.000206574018849	0.00016024697880491511
2458918.279303285	1.000104260231283	0.0001598280616303919
2458918.279651085	1.000135853268607	0.00015999420211160366
2458918.279998879	1.000277575943011	0.000160390679469459
2458918.280346673	1.0004249223815698	0.00016005626926392697
2458918.280694473	0.9999188527064952	0.00016008740829441908
2458918.2810422727	0.9999080014364683	0.00016001001504398023
2458918.2813900784	0.999689535208724	0.00015990141739905217
2458918.281737884	1.0001169913713086	0.0001601590670258788
2458918.2824334837	1.000062391350464	0.00015986829009464134
2458918.282781284	1.0001975601514557	0.0001604686182447363
2458918.283129084	1.0001124171770504	0.00015984335325190874
2458918.283476884	1.0000451445160625	0.0001598980290566428
2458918.2838246836	1.0000371745674734	0.00016020720442532803
2458918.2841724777	1.0000658647204286	0.00015992171531000306
2458918.284520272	0.9998244606091292	0.00016010140034612765
2458918.2848680723	0.9998767962195572	0.00015981981392491998
2458918.285215872	0.9999977679500069	0.00016018899369841424
2458918.2855636715	0.9999482693408878	0.00016018391395007471
2458918.2859114716	0.9998958398739877	0.00016037401453007004
2458918.286259271	0.9998514054114769	0.00016030699941793337
2458918.2866070713	1.0004761335413481	0.00016009031307221832
2458918.2869548714	0.9999874878390437	0.00016033123089997223
2458918.287302671	0.9999526379268638	0.00016018108503894717
2458918.287650471	1.0002597867830716	0.00016000868587945713
2458918.2879982707	1.0000318633506926	0.0001602271218705087
2458918.2883460713	0.9998151377960623	0.0001601185706742783
2458918.288693865	0.9998091744910006	0.00016041803501194466
2458918.2890416593	1.0001636888006131	0.00015983544130634218
2458918.2893894594	0.9999400562681766	0.00016024763516100528
2458918.289737259	0.999965949928371	0.00016025516636353833
2458918.290085059	0.9999915853249908	0.0001601467625947978
2458918.2904328583	1.000188334174611	0.00016026423511860535
2458918.290780659	0.9999707118286457	0.0001599663707221468
2458918.2911284585	0.9999973541396106	0.00016014154015745027
2458918.291476258	0.9998704947385977	0.00016003378235845316
2458918.291824058	0.9999622026868739	0.0001598253471381545
2458918.2921718583	0.9998653040290705	0.00016011786296491834
2458918.2925196583	1.0000750708571104	0.00015999415113754898
2458918.292867452	0.9999796509251765	0.00016039980388003156
2458918.293215247	1.0003067388160638	0.00016016060223558162
2458918.2935630465	0.9999352433278651	0.0001597773408939978
2458918.293910846	1.000081391695192	0.0001599379929578639
2458918.294258646	0.9999403821984415	0.00016033114664433575
2458918.294606446	1.0000940707324808	0.0001599751911781192
2458918.294954246	0.9998326606752723	0.00016022067991014477
2458918.2953020455	1.000128048799447	0.00016012305236221984
2458918.2956498456	0.999878617778044	0.0001595409123740748
2458918.2959976457	0.9997981120684817	0.00015998351398062013
2458918.2963454453	1.0000553319707761	0.00016020212189660094
2458918.2966932454	1.0002701312797242	0.00015986838361600414
2458918.2970410455	0.9997252584854133	0.00016027417759344493
2458918.297388834	1.000006504909464	0.0001604638554267602
2458918.2977366336	1.000050465306462	0.0001600827173676477
2458918.2980844337	0.9998728926704907	0.0001596571735472787
2458918.2984322333	1.0000156765847303	0.00016028692330567577
2458918.298780033	1.000065339568253	0.00016009349751572245
2458918.299127833	1.0001379092971099	0.0001598790299017574
2458918.299475633	0.9997760562737071	0.0001601701045530398
2458918.2998234327	0.9998840002219173	0.00015980309443511264
2458918.300171233	1.0002840531485224	0.00016044039256512716
2458918.300519033	0.9999546721413682	0.00016016021765606639
2458918.300866833	0.9997130485540986	0.00016016547922070723
2458918.3012146326	0.9997577432748214	0.00016007861927703863
2458918.3015624327	0.9996835129602704	0.00016018579333932267
2458918.301910221	0.9996806244979912	0.00016015960637909393
2458918.3022580203	1.0000716774184695	0.00016022898635628972
2458918.3026058204	1.0001882250099308	0.00016015977360918783
2458918.3029536204	1.0001975016290081	0.0001601730555883267
2458918.3033014205	1.0000812835171378	0.000160164856404159
2458918.30364922	0.9998118594084168	0.0001600412467462555
2458918.30399702	1.0003314169882798	0.00016033384456503252
2458918.3043448203	1.0000709045810943	0.00015991043005060142
2458918.30469262	1.0000372507466186	0.00015973747742769747
2458918.30504042	1.000201322525865	0.00016040166015833467
2458918.30538822	0.9998256737442283	0.00016005544715964743
2458918.3057360193	0.9997728306946597	0.00016002366263027018
2458918.3060838077	1.0000184553708837	0.00016018202252281446
2458918.3064316073	1.0002922598838269	0.00016027847949948217
2458918.306779408	0.999993170031434	0.0001600815049573422
2458918.3071272075	1.0002769757811492	0.0001599127244035873
2458918.3074750076	0.9999006188394026	0.0001603742086370054
2458918.3078228077	1.000043327454871	0.00016031981697730142
2458918.3081706073	0.9998146713783237	0.00016016361209287232
2458918.3085184074	0.9999789787142505	0.00016028807104048255
2458918.308866207	0.9998660438816918	0.0001602931136461394
2458918.309214007	0.9999071042053567	0.0001599583034483738
2458918.3095618067	1.0001636490448387	0.00016025582523816208
2458918.3099096064	0.9997420923651713	0.00015992734769297858
2458918.310257401	0.9998342918985396	0.0001601299322346735
2458918.310605195	0.9999107678373889	0.0001601883841445082
2458918.310952995	0.9997591790461038	0.00016030211769251738
2458918.3113007946	0.9998766762916861	0.00016007404613023915
2458918.311648595	1.0001501301533395	0.0001601152367532849
2458918.311996395	1.00011469469539	0.0001600662552419998
2458918.312344194	0.9995797470630263	0.00016009456950697278
2458918.312691994	0.9999755255335027	0.0001602659157623369
2458918.313039794	1.0002366055293832	0.0001597515103294522
2458918.313387594	1.000063761702998	0.0001598918108912546
2458918.313735394	1.0000638781238538	0.0001598069273747905
2458918.314083194	0.9999631731048707	0.00016043556284312167
2458918.314430994	0.9999817764446094	0.00015976014812883505
2458918.314778788	1.0000706689993932	0.0001601100749527281
2458918.315126582	0.9998286230401401	0.00016021280248640064
2458918.3154743817	0.9998340175504364	0.0001599709819353462
2458918.3158221818	1.0000519475729246	0.00015981987962831952
2458918.3161699814	1.0004447135598622	0.0001601244000834238
2458918.3165177815	1.0000467604565688	0.00016012495246548996
2458918.3168655816	0.999906649918364	0.00015992678232258962
2458918.317213381	0.9999356048673406	0.00016017362030884734
2458918.3175611813	1.0002297790923993	0.00016000120607754267
2458918.3179089813	1.000336818734273	0.00016025318150708964
2458918.3182567814	0.9998903035757926	0.00016022840436200693
2458918.3186045806	0.9999719685255536	0.00016007145740002573
2458918.319300169	0.9999131841255627	0.00016010383699068348
2458918.3196479687	1.0000673627320813	0.00016024130770367681
2458918.319995769	0.9998176433099104	0.00016049281685753702
2458918.320343569	0.9997667180314449	0.00015998809436272804
2458918.320691369	0.9999926186562957	0.0001602287519808626
2458918.3210391686	0.9997488482598376	0.00016025000896183867
2458918.3213869687	0.9999668041837155	0.00016012260836197685
2458918.3217347683	1.0001618706275681	0.00016014157181765948
2458918.322082568	1.000065602288899	0.00016017023714563907
2458918.322430368	0.9999527269459494	0.00016022568324889697
2458918.322778168	0.9999973404932757	0.00016009180447026537
2458918.3231259678	0.9999736772802128	0.000159752787724787
2458918.323473762	1.000059216379195	0.00016013212002158087
2458918.3238215563	0.9997661719131953	0.0001604388209824638
2458918.3241693564	0.9999560205901057	0.00016039342642470663
2458918.3245171555	0.9998504439527635	0.00016000675539519412
2458918.3248649556	1.0000923135195257	0.00016012849932453048
2458918.3252127557	1.00020166931818	0.00016018473995483036
2458918.3255605553	1.0000127373596601	0.00016018504815259113
2458918.3259083554	1.0000180532602099	0.00015974649724036474
2458918.326256155	0.999658850262237	0.00016013221157496954
2458918.3266039556	0.9999511313617284	0.00016019315687001995
2458918.326951755	0.9997357351497718	0.00016015235352973142
2458918.3272995544	1.0001092525752826	0.00015996200122820695
2458918.327647349	0.9995803734589178	0.00016019451338445737
2458918.327995143	1.0000904454872006	0.00016022764885706965
2458918.328342943	1.0002896674077741	0.00016014786707878415
2458918.3286907426	1.0002585451516748	0.00016018125234901212
2458918.329038543	1.000088279971407	0.00016011480924701255
2458918.329386343	0.9999453861568891	0.00016001216435222805
2458918.3297341424	0.9998292807115674	0.00015974614976850969
2458918.3300819425	0.9996613816210921	0.0001597783848344963
2458918.330429742	1.0001373566895424	0.00015993800030668777
2458918.330777542	1.0000917417904271	0.00016034169331290417
2458918.331125342	0.9999067795821273	0.00015995854989943987
2458918.331473142	1.0001954240857334	0.0001607156891436454
2458918.331820942	1.0000589931906712	0.0001597540395613131
2458918.332168736	0.9999736487411454	0.00016040033903661833
2458918.3325165296	1.0000733310522212	0.00016036453510498346
2458918.3328643297	1.0002841330030265	0.00016009728864068914
2458918.33321213	1.0001098638019172	0.0001602353696167689
2458918.3460807023	1.00000852503819	0.00015984589529880082
2458918.346428502	1.00014155420928	0.00016061843475221815
2458918.346776302	0.9999309939952137	0.000160157105487861
2458918.3471241016	1.000082739514923	0.00016021537268221328
2458918.3474719017	0.9998229338922738	0.00016001853570838499
2458918.3478197013	0.9999311827796482	0.000160484401152263
2458918.348167501	0.9999020031215384	0.00016020526903819175
2458918.3485153015	0.9997727636804458	0.00016029298747606284
2458918.348863101	0.9997387656079679	0.00016014347408564622
2458918.349210901	0.9999407006661767	0.0001604238165122845
2458918.3495587003	0.9994122894253148	0.00016042744497164705
2458918.3499064893	0.999659872958091	0.00016026184707641005
2458918.350254289	0.999261573258036	0.00016008480199013373
2458918.3506020885	0.9995430519637212	0.00016019539833162815
2458918.350949889	0.9997824938978217	0.0001602436592043974
2458918.3512976887	0.9994298065568739	0.00016014310074577678
2458918.3516454888	0.9995657604743058	0.00016055128626846132
2458918.351993288	0.999380387435908	0.00016027780748689076
2458918.352341088	0.9994589563844015	0.00016025968656680945
2458918.352688888	0.9996910797318584	0.00015994244754296435
2458918.3530366877	0.9992439992048122	0.00015997530292025697
2458918.353384488	0.9991905068233918	0.00016022032720595472
2458918.353732288	0.9993311615646682	0.00015977707008088752
2458918.354080076	0.9992409085663657	0.00015990998980084585
2458918.3544278755	0.999064386294502	0.0001602117620890157
2458918.3547756756	0.9991756697216906	0.0001599204482625223
2458918.3551234757	0.9991124141652858	0.00016023165242005547
2458918.3554712753	0.9989302453411687	0.0001600560826258779
2458918.3558190754	0.9985956249166844	0.00015996716026789987
2458918.356166875	0.9987826908294373	0.0001604576751067597
2458918.3565146746	0.9987476888446616	0.00016010660377353307
2458918.3568624747	0.9985212849293892	0.00015984802818595916
2458918.357210275	0.9985430648111909	0.00016037937301595037
2458918.357558075	0.9988244057699979	0.00016012299773650126
2458918.3579058745	0.9983947918690127	0.00016020441736597267
2458918.358253674	0.9985526837740731	0.00015998108056627589
2458918.3586014626	0.9983510726140498	0.0001600805926820319
2458918.358949262	0.9985405942054343	0.00016039166256139376
2458918.3592970623	0.9983914277850139	0.00016015646913990442
2458918.3596448624	0.9980091733666864	0.00015963815197373436
2458918.3599926624	0.9980815234734371	0.0001600335950323788
2458918.3603404616	0.9984850679052424	0.00016016580310200583
2458918.3606882617	0.9981487911717811	0.00016044304868497345
2458918.361036062	0.9981722454739709	0.00016008502119963232
2458918.3613838614	0.9980032544470779	0.00015991144626397637
2458918.3617316615	0.9979544166977021	0.00016023782338679663
2458918.3620794616	0.9983032465531255	0.00016029007193729163
2458918.3624272607	0.9979713424005188	0.00015999070592370064
2458918.3627750548	0.9980164131578824	0.0001597980055377254
2458918.3631228493	0.9980594967388902	0.0001601889239326251
2458918.3634706493	0.9977084154386802	0.00016011661319746047
2458918.363818449	0.9975670589023791	0.00016021505933730719
2458918.364166249	0.9979946592398726	0.0001600478704310432
2458918.3645140487	0.9979894766272748	0.00016049094897559483
2458918.3648618483	0.9979343497557333	0.00016025457195500948
2458918.3652096484	0.9982193598738391	0.00016035789688397634
2458918.365557448	0.9981156878771359	0.00016000563646071395
2458918.3659052486	0.998070844051937	0.00016014714304654203
2458918.366253048	0.9979853915351468	0.00016006991334064648
2458918.3666008473	0.9980455478900597	0.0001606145276338394
2458918.366948648	0.9977563350275995	0.00016036639149599312
2458918.367296436	0.998075143043876	0.00016023954363857413
2458918.367644236	0.9980435461894761	0.00016003491632042888
2458918.3679920356	0.998179771462738	0.00016008237862161383
2458918.368339836	0.9979083736051498	0.0001603777457507184
2458918.3686876353	0.9979269029155285	0.0001604460222184429
2458918.369035435	0.9980232064102111	0.00015988882769850827
2458918.3693832355	0.9979420307967044	0.00016006276627894117
2458918.369731035	0.9981314398186342	0.00016018845175425154
2458918.370078835	0.9977588149488668	0.0001602066288819983
2458918.3704266343	0.9980291438996516	0.00016016975747800227
2458918.3707744344	0.9979386096831104	0.00015983140552974944
2458918.3711222345	0.9978570186280988	0.00016025934535259846
2458918.371470034	0.9979527951692094	0.00016008031808827891
2458918.3718178226	0.9979552031030474	0.0001599122003057313
2458918.3721656227	0.9982094430889046	0.0001599320854223263
2458918.3725134223	0.9979044695157304	0.0001604045187476436
2458918.372861222	0.9981801824478138	0.00016023662537071776
2458918.3732090225	0.9978209338132022	0.0001602919376647023
2458918.373556822	0.9976916905627341	0.0001599915881056575
2458918.3739046217	0.9976476627823603	0.00016043767023269268
2458918.3742524213	0.9978645629010805	0.00015987675120382447
2458918.3746002214	0.9977403423791378	0.00016031337848637433
2458918.3749480215	0.9979890048762234	0.00015981136617652483
2458918.375295821	0.9978265767933227	0.0001604079736619224
2458918.375643621	0.9983135831766371	0.00016006486065391117
2458918.375991415	0.9977102452223211	0.00016017444258658575
2458918.376339209	0.997817960379184	0.00016012571063548568
2458918.376687009	0.9977835024736927	0.00015996491791754112
2458918.377034809	0.9981475751668603	0.0001598649704634279
2458918.377382609	0.997897780357841	0.0001597478531391662
2458918.3777304087	0.9976797119665112	0.0001602526037521579
2458918.3780782083	0.9978934548942124	0.00016026066829811497
2458918.3784260084	0.9977528194211543	0.0001599869768913369
2458918.378773808	0.997945624874249	0.00015985427896951946
2458918.379121608	0.9977122065201286	0.00016027073752724838
2458918.379469408	0.9975316910325944	0.0001604450243682788
2458918.3798172073	0.9978833173573033	0.00016009053415387455
2458918.3801650074	0.9977111617422302	0.0001602632550023416
2458918.380512802	0.9979920541611683	0.0001603774130421521
2458918.380860596	0.9976550291120296	0.000159966741601773
2458918.3812083956	0.9980277827342501	0.00015985528405883684
2458918.381556195	0.9977659478483342	0.00016047918261813044
2458918.3819039953	0.9979318657592409	0.0001598123244535161
2458918.382251795	0.9976772023015777	0.0001603345574957721
2458918.382599595	0.9976741621300163	0.00016018655134744138
2458918.382947395	0.9978485360679096	0.00016012375141921946
2458918.3832951947	0.9979118106507531	0.00016005388786729068
2458918.3836429943	0.9978882023404646	0.00015991555477272486
2458918.3839907944	0.9978336643117898	0.00016009139945937292
2458918.3843385945	0.9980960531455018	0.00016004704834842563
2458918.384686394	0.9977103305602758	0.0001603906732533057
2458918.3850341877	0.9979556196386815	0.00015993141891949847
2458918.385381982	0.9976711004484936	0.00016020776760162673
2458918.3857297823	0.9979011971675112	0.0001603093998180161
2458918.386077582	0.9976454109205003	0.00016011165235401981
2458918.3864253815	0.9975928483906099	0.0001600130663440775
2458918.386773182	0.997614125630338	0.0001601310049119821
2458918.3871209812	0.9977862147775687	0.00016001042168003665
2458918.3874687813	0.9980548927176932	0.00016019255163807482
2458918.387816581	0.9978769405004438	0.0001603938204444987
2458918.388164381	0.9977091936524949	0.00016025941443723016
2458918.3885121807	0.9977839775988435	0.00016028499406796758
2458918.3888599803	0.99768315926021	0.0001602201736370275
2458918.389207775	0.997737270372961	0.00016020109563590383
2458918.389555569	0.9978451497293398	0.0001602141562406735
2458918.389903369	0.9977697898292083	0.00016006014094826687
2458918.390251168	0.9977897669651569	0.0001603849466674025
2458918.390598968	0.9979091393595415	0.0001600935877455503
2458918.390946768	0.9978617004829216	0.0001600303302720017
2458918.391294568	0.9977413464097015	0.0001601776463761628
2458918.3916423684	0.9979170587346557	0.00016023439975847067
2458918.3919901676	0.9978710725512336	0.00016050357923912733
2458918.392337967	0.9980446795894689	0.00015995975393020154
2458918.3926857673	0.9976356749506795	0.00016063159152544823
2458918.3930335674	0.9977436617779878	0.00016027702132424888
2458918.3933813674	0.99794370690009	0.00016028216392897416
2458918.3937291605	0.9975138344199508	0.00016048081774747136
2458918.394076955	0.9977233712178112	0.00016006581850839011
2458918.394424755	0.9977436747553226	0.00016021375492863082
2458918.3947725547	0.9977774773373547	0.00016008095939938714
2458918.395120355	0.9977225377020038	0.0001601184101117799
2458918.3954681545	0.9978607081615871	0.00016015604496523263
2458918.3958159545	0.9977198179151093	0.00015989436293936134
2458918.396163754	0.9977736075563277	0.0001602858195437215
2458918.3965115543	0.9978712347771559	0.00016018604485876879
2458918.3968593543	0.9976848878252831	0.00015996112926510144
2458918.3972071535	0.998233498210377	0.00016006460715234627
2458918.397554965	0.9975356708348003	0.00015999464171232293
2458918.3979027653	0.9976372760417648	0.00016037644875477913
2458918.3982505593	0.9978694743234692	0.00016028781531942903
2458918.398598353	0.9979085154924843	0.00016003622761962411
2458918.398946153	0.9977157770842291	0.00016058330317222816
2458918.399293953	0.9976116088793144	0.0001598668231896928
2458918.3996417527	0.9976404535441498	0.00016012898160447497
2458918.399989553	0.997693164429896	0.00015994185136773245
2458918.4003373524	0.997616388457246	0.00016010692884072355
2458918.400685152	0.9978185515222016	0.00015997363577720263
2458918.401032952	0.9976847874807416	0.00015993561449997382
2458918.401380752	0.9973537473393118	0.00016006715995825748
2458918.401728552	0.9975385347718995	0.0001601372219896763
2458918.4020763515	0.9977703279602484	0.00016024482338255548
2458918.4024241515	0.9978451378562804	0.00015987258387018753
2458918.4135537115	0.9976022986772458	0.0001600576777143859
2458918.4139015116	0.9975356306775771	0.00016025741026662286
2458918.414249311	0.9976777002566188	0.00015989504113713213
2458918.414597111	0.997834200190099	0.00015995028655501058
2458918.414944911	0.9977491654332457	0.0001599301744875713
2458918.415292711	0.9976019946872443	0.00016027388429932748
2458918.41564051	0.9975826923020146	0.00015999236279384786
2458918.4159882986	0.9976436742321689	0.00015977929915746286
2458918.4163360987	0.9978410912153554	0.00016029541830650548
2458918.416683899	0.9975567065331822	0.0001601027953180373
2458918.417031698	0.997539527471957	0.0001599086279053663
2458918.417379498	0.9974040739202715	0.00016007046027148155
2458918.417727298	0.9976994345916268	0.00016017264733732492
2458918.4180750977	0.9977853865451429	0.000159967787072049
2458918.418422898	0.9979195858670094	0.00016008636468120595
2458918.4187706974	0.9976649589332339	0.00016043596038892125
2458918.419118497	0.9977498178810182	0.0001601697874514339
2458918.419466297	0.9976534990516897	0.0001601016362569966
2458918.419814097	0.9977320230406689	0.00016036308315640885
2458918.420161897	0.997338645567517	0.0001602370621125778
2458918.420509685	0.9975212711908701	0.0001602046766131416
2458918.420857485	0.9974561636252424	0.00016004023689133822
2458918.421205285	0.9979053745365979	0.00016009912450002672
2458918.421553084	0.997312759972664	0.00016021932207526058
2458918.4219008842	0.9974531716061251	0.0001604185572814898
2458918.4222486843	0.9976189901937937	0.00016017636116028754
2458918.4225964844	0.997671525856327	0.00015965920191957235
2458918.4229442836	0.9978725734604739	0.00016046753420763594
2458918.423292083	0.9976833414383822	0.00016009478259590315
2458918.4236398838	0.9977832294798711	0.00016009743735233156
2458918.4239876834	0.9976583089553898	0.0001600613075432781
2458918.424335483	0.9974091594355993	0.00015998458025435675
2458918.4246832714	0.9974418981381284	0.00016013846959178128
2458918.4250310715	0.9975285439642465	0.00015985879612054617
2458918.425378871	0.9976800614232544	0.0001602600508514692
2458918.4257266703	0.9974993055880086	0.0001605404811216306
2458918.426074471	0.9972953382768784	0.0001600666213647954
2458918.4264222705	0.997395174336598	0.00015975830287232683
2458918.4267700706	0.9979395490570092	0.0001601079960368478
2458918.42711787	0.9978344321114954	0.00016017620510686765
2458918.42746567	0.9975706339511708	0.00016036672466619172
2458918.42781347	0.9975827087430049	0.00015962547095667995
2458918.4281612695	0.9976688804721703	0.00016006022697902703
2458918.4285090696	0.9980450147544638	0.00016028802661405015
2458918.428856869	0.9977742732582511	0.00015990585113833384
2458918.4292046577	0.9978373546293458	0.00016013754092514306
2458918.4295524573	0.9975268775728211	0.00016010052115972894
2458918.429900257	0.9976951223727214	0.00015993878731240238
2458918.430248057	0.9975014814776108	0.00016034388789322004
2458918.4305958566	0.9976618743937049	0.00016037218963008262
2458918.430943657	0.9974249527008161	0.00016017403672142886
2458918.4312914563	0.9979251512087517	0.00015973156786297342
2458918.431639256	0.997445920122063	0.0001602535107826559
2458918.431987056	0.9977286519553833	0.00015980733237117297
2458918.432334856	0.9976736982825192	0.00015989363816067487
2458918.4326826558	0.9976316380461252	0.00016024159084737958
2458918.4330304554	0.997479401587505	0.00016022362542373816
2458918.4333782555	0.9976034621097953	0.0001602166828626634
2458918.433726044	0.9972971773148677	0.0001600117040540606
2458918.4340738435	0.9976219096100912	0.00015985496620442364
2458918.434421643	0.997574435262384	0.00016015283606294334
2458918.4347694432	0.9976227194820472	0.00015994916791623376
2458918.4351172433	0.9976249112775347	0.00016018127620013052
2458918.4354650425	0.9977243555916001	0.0001601825452495163
2458918.4358128426	0.9976555910840866	0.0001600254235418766
2458918.4361606427	0.997755338398015	0.00016013970588740024
2458918.436508442	0.9977702838450891	0.00016017738645419976
2458918.436856242	0.9977569858223354	0.0001601430852611074
2458918.437204042	0.9974774109744571	0.00015979126287256364
2458918.437551842	0.9974216731470394	0.00016011837448335391
2458918.437899635	0.9974807656893971	0.00016000048437091898
2458918.4382474297	0.9977132918298838	0.00016036865059737787
2458918.4385952298	0.9976864666162614	0.00016022554961823656
2458918.4389430294	0.9975708990933124	0.00015995128088654083
2458918.439290829	0.9976054900088691	0.00016040108864314636
2458918.439638629	0.9976562685668963	0.00016023282878652612
2458918.439986429	0.9975036665716115	0.00016027524913484167
2458918.440334229	0.9975844085255701	0.00016069817738705288
2458918.4406820284	0.9975515859863504	0.0001601586295064772
2458918.4410298285	0.9976070033261986	0.00016009462539615872
2458918.441377628	0.9976318846815609	0.00015999261548619383
2458918.441725428	0.9976953319967686	0.0001601595856409094
2458918.442073228	0.9975079828852751	0.0001602698042123172
2458918.442421022	0.997335351858559	0.00015970133360740157
2458918.442768816	0.9978183893929	0.00016000887250416538
2458918.4431166155	0.9975558371911224	0.0001600305434815057
2458918.4434644156	0.9976617084581171	0.00016022685445023194
2458918.4438122152	0.9975284007079578	0.00016012290853675606
2458918.4441600153	0.9975672697646374	0.00016037965728664798
2458918.444507815	0.9974461741471361	0.00015964936031878893
2458918.4448556146	0.9976626858745551	0.00015987900998056654
2458918.4452034147	0.997677657536609	0.00016030539264228857
2458918.4455512147	0.9975616228200431	0.00016030757302999557
2458918.4458990144	0.9976189445180846	0.00016032449410264407
2458918.446246814	0.9976633613147666	0.00016010580864435158
2458918.4465946136	0.9977256942149536	0.0001601569107888207
2458918.4469424076	0.9977045929394596	0.00016004238550121252
2458918.4472902017	0.9974037408042528	0.00016014985039916382
2458918.4476380018	0.9976612367941406	0.0001601848743225239
2458918.4479858014	0.9975786595053429	0.00016012864965178405
2458918.4483336015	0.9977538295157985	0.00015998750107715085
2458918.448681401	0.9974589610718416	0.00016036626887733826
2458918.4490292007	0.9976201999100613	0.00016031025169875173
2458918.4493770013	0.9978427863080269	0.00016023176850354917
2458918.4497248004	0.9974397033601301	0.00016007767074897124
2458918.4500726005	0.9975475686492044	0.00016044541087926938
2458918.4504204	0.9977405327105549	0.00015997525456168385
2458918.4507681997	0.9976162739372955	0.0001602179091843394
2458918.451115994	0.9977946373994313	0.0001605633573916401
2458918.451463788	0.9977347144481548	0.00015992236099103525
2458918.451811588	0.9976112381060898	0.00016023066353904443
2458918.4521593875	0.9975149458084007	0.00016024659540715192
2458918.4525071876	0.9977223603123349	0.00016000330019907952
2458918.4528549872	0.9978138619069934	0.00016040272081762204
2458918.453202787	0.9976952129652343	0.0001602491647859624
2458918.453550587	0.9974113254803967	0.00015986200285341405
2458918.4538983866	0.9975337515088978	0.000159784730897599
2458918.4542461867	0.997495034204862	0.00016005001575530403
2458918.4545939863	0.9972058045913822	0.00016024487951197424
2458918.454941792	0.9974802864949094	0.00016013061693890247
2458918.455289592	0.997704496619911	0.0001601713289730836
2458918.455637391	0.9979752276122458	0.00016005068059654707
2458918.4559851857	0.9974588233084363	0.00016048201003012786
2458918.4563329853	0.9975522362389972	0.0001601113053365896
2458918.4566807854	0.9974207329802104	0.00016024187935894326
2458918.457028585	0.997734824589901	0.0001599875334915336
2458918.4573763846	0.9975623711024593	0.00015994769943147014
2458918.4577241847	0.9975016120088601	0.000160090936272143
2458918.4580719844	0.9973642748627639	0.00016014406961300723
2458918.458419784	0.9973802830720765	0.00016010475429649963
2458918.458767584	0.9976295369208958	0.00016015686358637985
2458918.459115384	0.9975871158708276	0.00015991317067694187
2458918.459463184	0.9975437959133894	0.0001600022406857165
2458918.4598109773	0.9975990391867553	0.00016029225309445214
2458918.460158772	0.9977425043451963	0.0001605260097245504
2458918.4605065715	0.997819944875454	0.00015994037121943493
2458918.460854371	0.9978077481046755	0.00016012968075368483
2458918.461202171	0.9975009346606927	0.0001600881129906941
2458918.4615499713	0.997702722574756	0.00016009859059299032
2458918.461897771	0.9975814820291926	0.00016004973251473732
2458918.4622455705	0.9976677275133438	0.0001599238028243014
2458918.46259337	0.9974217650189535	0.00016025729523289935
2458918.46294117	0.9977559784632141	0.0001599112073492388
2458918.46328897	0.9973297214251837	0.00016006506300099196
2458918.46363677	0.9975409959809058	0.00016005739033341776
2458918.4639845695	0.9976593754541878	0.00016014339017707632
2458918.4643323636	0.9977450004560278	0.0001599330900668178
2458918.4646801576	0.9979445489086709	0.00016012995437670655
2458918.4650279577	0.9974464640789059	0.00016011114171155647
2458918.4653757573	0.9974071792946029	0.00016017621649290373
2458918.465723557	0.997382475738293	0.00016022478423953834
2458918.466071357	0.9977520352930092	0.00016023050143017253
2458918.466419156	0.9974530102950194	0.00016007650668350826
2458918.4667669567	0.9976354317814191	0.00015999843143969545
2458918.4671147563	0.9975456115916097	0.00015994935848165449
2458918.467462556	0.9973332074684504	0.0001600019170642048
2458918.467810356	0.9978689520209492	0.00016059196986392788
2458918.4681581557	0.9977179583458153	0.00016001933244731896
2458918.4685059558	0.9972581318289205	0.0001598498822488007
2458918.4688537493	0.9976258329629767	0.00016004580755244664
2458918.469201544	0.9977414755845476	0.00016001212832216237
2458918.4695493435	0.9976170586978497	0.00016006301578359253
2458918.4698971426	0.9976476247687383	0.0001603091376867955
2458918.470244943	0.9978380603724722	0.0001596081900291037
2458918.470592743	0.9975433146534723	0.00016026314697556129
2458918.4709405424	0.997568730668506	0.000160428018561239
2458918.471288342	0.9975579752516257	0.00016036237470859463
2458918.471636142	0.9973637295904887	0.00016031570989368473
2458918.471983942	0.997541032414492	0.00016049034494294633
2458918.4726795414	0.9977011733818596	0.00016014748645738666
2458918.4778965153	0.9974981024618984	0.00016002650607045384
2458918.478244315	0.997680358479502	0.000159744255560596
2458918.478592115	0.9975221534500359	0.000160195297853462
2458918.4789399146	0.9976584625289731	0.00015961475752769021
2458918.4792877147	0.9974877118715003	0.0001601111026201258
2458918.4796355143	0.9976107136025928	0.0001601357329808201
2458918.479983314	0.9977179101559992	0.00016033361783438136
2458918.480331114	0.9975497745494548	0.0001602079856148589
2458918.4806789136	0.9974719156980794	0.00016026642228157513
2458918.4810267133	0.9973335265225699	0.00015998787983682807
2458918.4813745134	0.997381286875362	0.0001601838124545894
2458918.481722313	0.9975751463212307	0.0001602535862960812
2458918.482070107	0.9973614779629325	0.0001603804188078679
2458918.482417901	0.9975182539754648	0.00016054124182893307
2458918.482765701	0.9975592613783324	0.000159989728573086
2458918.4831135008	0.9976379642159688	0.00016006948848606306
2458918.4834613004	0.9973114692227176	0.0001601468568796732
2458918.4838091005	0.9973816766260281	0.00016031875896755642
2458918.4841569	0.997714246567508	0.00016003058564020538
2458918.4845046997	0.9975034161465238	0.0001601565164752212
2458918.4848524993	0.9975973361222181	0.00016039162981235092
2458918.4852003	0.9974426709666976	0.0001601215236293203
2458918.485548099	0.9976612578914877	0.00016024836750811982
2458918.4858958987	0.9978176566314214	0.0001602307003010437
2458918.486243693	0.9977157865543916	0.0001603789310409722
2458918.4865914867	0.9972804993799397	0.00016011136910108083
2458918.486939287	0.9974672824867108	0.00016013484010576694
2458918.4872870864	0.9978287644342851	0.00016027406958768584
2458918.4876348865	0.9976988927956099	0.00016015172086264709
2458918.487982686	0.9976207292183059	0.00016000285133271287
2458918.4883304858	0.9973706056165584	0.00016027356773834272
2458918.488678286	0.9975128074699061	0.00016021119029030478
2458918.4890260855	0.9975037213760414	0.00016022917638138843
2458918.4893738856	0.9974130608222573	0.0001600410863832747
2458918.4897216847	0.9977331249004597	0.0001601787355274748
2458918.490069485	0.997685053316331	0.00015980878663915776
2458918.490417285	0.9977071972919058	0.00015976011761514416
2458918.4907650785	0.9973927018283675	0.0001603932453250308
2458918.4911128725	0.9976044663501481	0.00016026464805060712
2458918.4914606726	0.9977058495435424	0.00016008553667866765
2458918.491808472	0.9978136441332376	0.00015998380887976202
2458918.492156272	0.9974074796194619	0.00016006401276292916
2458918.4925040724	0.997665621402025	0.0001600485538465912
2458918.4928518715	0.9975820974513999	0.00016014848846387418
2458918.493199671	0.9972841816130193	0.00016027806742024875
2458918.4935474712	0.9977092961325721	0.00016011576611471603
2458918.493895271	0.9975979433638889	0.00015983946059927777
2458918.494243071	0.9975612199586507	0.00016009317075223257
2458918.4945908706	0.9973869520228567	0.0001600803120333589
2458918.4949386646	0.9973278773656489	0.00016030665109904467
2458918.495286464	0.9973700413455581	0.00016010990251299538
2458918.4956342583	0.9974207991136699	0.00015996352992415252
2458918.495982058	0.9976902494108978	0.00016003532646575706
2458918.496329858	0.9975784245045278	0.00016001711451292668
2458918.496677658	0.9975933188545876	0.00016029401525896137
2458918.497025457	0.9978612918804532	0.00015987989373584198
2458918.4973732573	0.9976811300474684	0.0001601766032561174
2458918.4977210574	0.9975621725893654	0.00016022510115190023
2458918.4980688565	0.9975921339425741	0.0001605059440176203
2458918.4984166566	0.9975323296646768	0.00016011579414887202
2458918.4987644567	0.997755958001661	0.00015993401004973646
2458918.499112256	0.997468365233127	0.00016060708037692132
2458918.49946005	0.9974913899127993	0.00016039601644687654
2458918.4998078444	0.9976197287906997	0.00016035952737420068
2458918.500155644	0.9975647482828413	0.0001600063855957943
2458918.5005034436	0.9977553680378141	0.00015988578379445433
2458918.5008512437	0.9975145657357345	0.0001599744211698068
2458918.5011990434	0.9975463714173383	0.00015996840199192895
2458918.501546843	0.9974196382672141	0.0001602137997958982
2458918.501894643	0.9971950179309631	0.000160297641228678
2458918.5022424427	0.9977499695952328	0.00015985656753769473
2458918.502590243	0.997469225952071	0.00016040510167650675
2458918.5029380424	0.9974729878542312	0.00016011294061712156
2458918.503285842	0.9973295186330671	0.00016006426659259668
2458918.503633642	0.9977396111297231	0.00016015312587320927
2458918.503981436	0.997731089202982	0.0001603449048064607
2458918.5043292297	0.9975719681531454	0.00016023132832578642
2458918.50467703	0.9974036216395528	0.00015988181543014334
2458918.50502483	0.997688673027387	0.00016010511393080504
2458918.505372629	0.9974614254735826	0.00016028515731506427
2458918.5057204287	0.9975949034877027	0.00016024030040934976
2458918.506068229	0.9974957503996515	0.000160251524223336
2458918.5064160284	0.9975718341018491	0.0001602271406112005
2458918.5067638285	0.9974928948272258	0.00016019578753219857
2458918.5071116285	0.9979596787141274	0.0001603100140657858
2458918.5074594277	0.9976052491192703	0.00015987198696887096
2458918.507807228	0.9977376070894683	0.00016005433512482695
2458918.5081550214	0.9973599450714734	0.00016001440917767483
2458918.508502816	0.9975021898590682	0.00016028606798260115
2458918.5088506155	0.9976924758139813	0.00016054382903577614
2458918.509198415	0.9973468994134249	0.00016008459442965533
2458918.5095462147	0.9977664947818629	0.00016028078483607333
2458918.509894015	0.9976159453648147	0.00016021186573854672
2458918.5102418144	0.9980493108897394	0.00016027991405664538
2458918.510589614	0.9972676941543033	0.00016012174625829693
2458918.5109374146	0.9976737719788711	0.0001599478137016104
2458918.5112852138	0.9978025081498094	0.00016024530583325824
2458918.5116330134	0.9973660120961002	0.00016032339966240086
2458918.5119808135	0.9974121586638499	0.00016032271250211022
2458918.512328613	0.997648249128209	0.00016009530273310417
2458918.512676407	0.9977680638926224	0.00016026792581348278
2458918.513024201	0.9973325330417915	0.00016039130656554865
2458918.513372007	0.9977720658610817	0.00016036883724698917
2458918.5137198125	0.9974142023930971	0.00016027608234598146
2458918.5140676117	0.9974012645440656	0.0001600567951933509
2458918.5144154117	0.9973858006373545	0.00015997102141885594
2458918.514763212	0.997595174012974	0.00016024168931986617
2458918.515111011	0.9975504513266115	0.0001598493592181354
2458918.515458811	0.9975153851284118	0.00016001039981055744
2458918.515806611	0.9975510752423827	0.00015986377198710027
2458918.516154411	0.9975627424551542	0.00015979598766856424
2458918.5165022104	0.9975444890296912	0.00016003612265243767
2458918.5168500105	0.9977453973601147	0.0001602013936704099
2458918.5171977985	0.9973779100309229	0.00016000667168045645
2458918.517545598	0.9974604632408701	0.00016016568809566815
2458918.5178933977	0.9977333426317623	0.00016019934828800594
2458918.518241198	0.9976641962435717	0.00015999371099819628
2458918.518588998	0.9976466873684461	0.00016038744198439416
2458918.518936797	0.9977394699748998	0.000160089855009789
2458918.519284597	0.9975350689238882	0.00015986381926892524
2458918.519632397	0.9978089597083251	0.00016030268367974598
2458918.5199801964	0.9976305741426625	0.00016001239404443295
2458918.5203279965	0.9975897433495856	0.00015975602079171123
2458918.5206757965	0.9976857817694215	0.0001602386255646752
2458918.5210235957	0.9978638013910551	0.0001599033315831684
2458918.5213713897	0.9976654224465742	0.00015999431936545896
2458918.521719184	0.997461132007698	0.0001603513487433775
2458918.522066984	0.9974852424930097	0.00015991303337440407
2458918.5224147835	0.997463744469292	0.00015986958020908958
2458918.522762583	0.9974410556714345	0.00016031476040096227
2458918.523110383	0.9973855694184268	0.00015993301914327834
2458918.5234581833	0.9979299142480598	0.00016046163078570335
2458918.5238059824	0.9977958030385415	0.00016006734665992577
2458918.524153782	0.9975725732176453	0.0001602800088287251
2458918.5245015826	0.9976518235885513	0.0001602052139055603
2458918.5248493818	0.9973301625627984	0.00016016205408546784
2458918.525197182	0.9976672426523869	0.0001601015429094978
2458918.5255449815	0.9973728989395365	0.00015997755738985641
2458918.5262405695	0.9975222593806288	0.000159722558096423
2458918.5265883687	0.9975997011038695	0.00016038036180626052
2458918.527283969	0.9976178908202947	0.00016005437088478832
2458918.5276317685	0.9976847141150097	0.00016017634006024984
2458918.5279795686	0.9977699808267616	0.0001598749923159833
2458918.5283273677	0.9977913190842894	0.00015975934864753246
2458918.528675168	0.9976714461198912	0.00016014116402963038
2458918.5290229674	0.9974983604893903	0.00015977326561899627
2458918.5293707675	0.9976449737609483	0.00016020692406880057
2458918.529718567	0.9975056258267514	0.00016060033960358438
2458918.530066367	0.9975821007533549	0.00016011112009508915
2458918.5304141548	0.9976575171569572	0.00016039008722492127
2458918.530761955	0.9974297148483287	0.00016002730948123987
2458918.5311097545	0.9977432692012624	0.0001602682591909566
2458918.531457554	0.9978125764023924	0.00016020672568431055
2458918.531805354	0.9976860240298238	0.00016010726294075954
2458918.532153154	0.9975907222778879	0.00016012403412917986
2458918.5325009534	0.9976879564659149	0.0001599167845799389
2458918.5328487535	0.9976772443488245	0.00016010942011832635
2458918.533196553	0.9975264851941353	0.000160086316362221
2458918.533544353	0.9972411929199924	0.0001603438146876113
2458918.5338921524	0.9973474962198308	0.00015998071485693805
2458918.5342399525	0.9974714788832505	0.00016019561522164123
2458918.5345877465	0.9975849320591331	0.00016013464885968179
2458918.53493554	0.9975930002364563	0.00016024394132280152
2458918.53528334	0.9975402471721124	0.00016018947538408584
2458918.5356311398	0.9975426720525024	0.00016032875789285625
2458918.53597894	0.9974483292210042	0.00015995806298256627
2458918.5363267395	0.9976505545682439	0.00015995959661597143
2458918.536674539	0.9977213756029489	0.00016026074204210226
2458918.537022339	0.9975596209890041	0.00016007048963545816
2458918.537370139	0.998055573291098	0.00016016016642020472
2458918.5377179384	0.9972713796902333	0.00016020735841709415
2458918.5380657385	0.9974533075497178	0.000160420039809659
2458918.5384135377	0.9978780054958062	0.00016000623666207996
2458918.5387613378	0.9978217660922513	0.0001600382814335388
2458918.539109126	0.997625507201454	0.00016028619208849622
2458918.539456926	0.9978602171359512	0.0001600989550500736
2458918.5398047254	0.9977215032125245	0.000160267877187407
2458918.540152525	0.997786566469207	0.00016007464459767776
2458918.540500325	0.9976736452742868	0.00015996666555431665
2458918.540848125	0.9973974176833457	0.0001602782344006708
2458918.5411959244	0.9972588954768905	0.00016003367102708233
2458918.5415437245	0.9977201896553192	0.0001602600361622685
2458918.541891524	0.9974254796365156	0.00015999375363892615
2458918.5422393237	0.9974947851710014	0.00016018164198861707
2458918.5425871233	0.9976749366305077	0.0001600984633345062
2458918.5429349234	0.9976332309475121	0.00016020238895701728
2458918.5432827114	0.9977608678686767	0.00016035075768013553
2458918.5436305115	0.9978485699835504	0.00016031121439053492
2458918.543978311	0.9973505279191635	0.00016014254025363594
2458918.544326111	0.9977533371609394	0.00016006047630032818
2458918.5446739104	0.9975175091298597	0.000159965908246394
2458918.54502171	0.9975199385753216	0.00015997976773815894
2458918.5453695105	0.9973150706713776	0.00016008005829094534
2458918.5457173097	0.9975967728534646	0.00016038865048919443
2458918.54606511	0.9977057328562744	0.00016031427417404197
2458918.5464129094	0.9975943237812384	0.0001602537768752416
2458918.546760709	0.9975548281108013	0.00015994598190010283
2458918.547108509	0.9973990855475239	0.00015976736664125225
2458918.5474563083	0.9973152203670479	0.0001598278760388894
2458918.547804097	0.9977391475885434	0.0001601943006630353
2458918.5481518963	0.9975966768419557	0.00016024169316432836
2458918.5484996964	0.9977264489414616	0.0001603599459256356
2458918.548847496	0.9975149262564789	0.00016019973688422457
2458918.5491952957	0.9975509011721648	0.00015985442062556416
2458918.5495430958	0.9976254360329683	0.00016006940101482615
2458918.549890895	0.9977462835938713	0.0001602213589206943
2458918.5502386955	0.9976727386266748	0.00016026017983814778
2458918.550586495	0.9977358422225802	0.00015989282221379826
2458918.5509342942	0.9977863130204538	0.0001603081521569859
2458918.5512820943	0.9975294653934333	0.00016019829869834773
2458918.551629894	0.9977211406416817	0.00016006286911507465
2458918.551977694	0.9975346911305794	0.0001602054286464887
2458918.552325482	0.9977320508433262	0.00016024960546335578
2458918.5526732816	0.9975502509343857	0.00015961209125730285
2458918.5530210817	0.997895777603879	0.00016021508726413712
2458918.5533688813	0.9976897852626174	0.00015981677430383892
2458918.553716681	0.9976310541660565	0.00015995549069272707
2458918.554064481	0.9975983496046669	0.00016021458852415323
2458918.5544122807	0.9976148956444065	0.0001602688655094792
2458918.5547600803	0.9974558920874601	0.0001601058123248137
2458918.55510788	0.9976773399431035	0.00016015942347973367
2458918.55545568	0.9976383274150402	0.00016034970935561245
2458918.555803479	0.9977233697826541	0.00016009737355923448
2458918.5561512792	0.997457882949533	0.00016021926295329796
2458918.5564990677	0.9974049133264894	0.00015981758430822887
2458918.5568468673	0.9976942636063897	0.0001604130267411781
2458918.557194667	0.997488015812957	0.000160333453546788
2458918.5575424666	0.9977036885465468	0.0001599543206241139
2458918.5578902666	0.9976168594406677	0.00016009998485528725
2458918.5582380663	0.9973174584663753	0.00016021092687337301
2458918.558585866	0.9975609814663182	0.00016005541100103774
2458918.558933666	0.997705586855663	0.00016003439642486833
2458918.5592814656	0.997806845349249	0.00015996138173733762
2458918.559629265	0.9976901436470365	0.00016021251200856675
2458918.5599770653	0.997743637577803	0.00015994495641272246
2458918.560324865	0.9978029214266017	0.00016042716886519555
2458918.5606726645	0.9975539434647274	0.00016002256317387652
2458918.5610204525	0.9974508033947959	0.0001599121881100606
2458918.5613682526	0.9978488088651778	0.00015991483067178305
2458918.5617160522	0.9977680908922394	0.00016022557201975798
2458918.562063852	0.9975884834180893	0.0001600174375227866
2458918.562411652	0.9974955062096438	0.0001602326366507259
2458918.5627594516	0.9978308319326424	0.00016017590476265518
2458918.563107251	0.9977700620532974	0.00016026650366668448
2458918.563455051	0.9975997690892043	0.00016003166461128768
2458918.563802851	0.9974880940637353	0.00016011915462004812
2458918.5641506505	0.9976094921247967	0.00015992729325399013
2458918.56449845	0.9977273756469713	0.0001604757493548705
2458918.56484625	0.9974743020764092	0.0001599238732230602
2458918.565194044	0.997627995213278	0.00016023303667547643
2458918.565541838	0.9976157593058026	0.0001601114356784769
2458918.5658896375	0.9977747061160628	0.00016024155715181837
2458918.5662374375	0.9974943329212261	0.0001601804627083513
2458918.566585237	0.9977920773064998	0.0001599327641483772
2458918.566933037	0.9977310557205537	0.00016030264418723106
2458918.5672808364	0.9977099048407848	0.00016020483161113407
2458918.5676286365	0.9977605003829045	0.00016021674227795657
2458918.567976436	0.9977735549154136	0.00016032309077547695
2458918.5683242353	0.9977576443873466	0.00016012926776145665
2458918.568672036	0.9979227984806164	0.0001599095999877035
2458918.5690198354	0.9979078254759913	0.00015984938155256027
2458918.569367635	0.9975684411661611	0.00015992277317436847
2458918.569715423	0.9977799329347433	0.00016013742634967171
2458918.570063223	0.9977779642158686	0.00016003647357705188
2458918.5704110228	0.9975814701286758	0.000160405490134408
2458918.570758822	0.9978518252282673	0.0001603828934014506
2458918.571106622	0.9975530849019574	0.00015992749868517717
2458918.5714544337	0.9978108674421956	0.0001603381356067229
2458918.571802233	0.9973327516708966	0.0001604103770601863
2458918.572150033	0.9978035816666173	0.00016061655903698685
2458918.5724978326	0.9972987948279657	0.0001602018628076096
2458918.5728456327	0.9973470622358154	0.00016021162863139146
2458918.573193432	0.9977220792092276	0.0001602033357836722
2458918.573541232	0.9977184335693846	0.0001600822188136693
2458918.573889026	0.9975705095106956	0.00016020163853999638
2458918.5742368195	0.9977860016331722	0.00015992104790499788
2458918.5745846196	0.9977742322779222	0.000160268609969248
2458918.574932419	0.9979744503769412	0.00016002442869210627
2458918.5752802193	0.9975056817072006	0.00016016685589133244
2458918.5756280185	0.9976457880100047	0.00016050659562363373
2458918.5759758186	0.9976385474439871	0.0001601794561994853
2458918.5763236186	0.997609936029278	0.00016020767963358343
2458918.576671418	0.9979182534149826	0.00016013044870072976
2458918.577019218	0.997388841147356	0.00016048905364945599
2458918.5773670175	0.9974990774708747	0.00015989412009995957
2458918.577714817	0.9976087490050585	0.0001601867925042503
2458918.5780626168	0.9979890044696351	0.0001602292753279149
2458918.578410405	0.9977825021058125	0.00015997348317447324
2458918.5787582053	0.9977576162867695	0.00016015460153249685
2458918.5791060044	0.9975393605357419	0.00016039560960855854
2458918.5794538045	0.9975544200687478	0.00016015613092971737
2458918.579801604	0.9977147283025144	0.00016003349410994276
2458918.580149404	0.9976690355084811	0.00016046978025117004
2458918.5804972034	0.9976977177666487	0.0001601359255521677
2458918.5808450035	0.9975844545548966	0.0001600575212882972
2458918.581192803	0.9977409222111336	0.00016045127229980194
2458918.5815406027	0.9972459499418577	0.00015975385178300822
2458918.5818884023	0.9978729209585059	0.00016035618202006317
2458918.5822362024	0.9977014351760825	0.0001602802114251259
2458918.5825839965	0.9974632753558584	0.00016028343196165543
2458918.58293179	0.9977387125914032	0.00015995022938413155
2458918.58327959	0.9979661404879452	0.00016014546734501427
2458918.5836273897	0.9976719931401468	0.0001604125876118355
2458918.5839751894	0.9978230902001125	0.00015980829990840502
2458918.584322989	0.9976176440953681	0.00016031019290447477
2458918.584670789	0.9977091656989755	0.00016005395311686796
2458918.5850185887	0.9975988376947473	0.000160142646980019
2458918.5853663883	0.99778720199537	0.00016017227138563977
2458918.585714188	0.9976898534461206	0.000160279632645766
2458918.586061988	0.997495523263274	0.00016019262500234496
2458918.5864097876	0.9979605082725889	0.0001603447158909837
2458918.586757587	0.9975816745887965	0.00016031713411563599
2458918.5871053813	0.9977419539401647	0.00015992442081312372
2458918.587453175	0.9974847990436005	0.0001601766896074891
2458918.587800975	0.9978381517820335	0.0001600521856054124
2458918.5881487746	0.9977313282725319	0.00016046620916538643
2458918.5884965747	0.9978810574358727	0.00016021192032924278
2458918.5888443743	0.9979094665084564	0.00015994821793405576
2458918.5891921734	0.9977651322123718	0.00015983063941389322
2458918.5895399735	0.9976357806917419	0.0001602183765523663
2458918.589887773	0.9974650430146116	0.000160388139675071
2458918.5902355732	0.9976915664854781	0.00016040844039814952
2458918.5905833724	0.9974829775247581	0.00016016381327432346
2458918.5909311725	0.9974805618204559	0.0001600200072862019
2458918.5912789665	0.9977635745552126	0.00016029964901612302
2458918.59162676	0.9975990725218615	0.00016020863722873222
2458918.59197456	0.9980263115735388	0.00016020316474794777
2458918.59232236	0.9979271514806284	0.00016024493242960491
2458918.59267016	0.9976759460455011	0.0001602099292047655
2458918.593017959	0.9978847800636598	0.0001601584483533513
2458918.593365759	0.9978699309264466	0.0001598617066910956
2458918.5937135587	0.9976534640006306	0.0001597372885137727
2458918.5940613584	0.9978154983177457	0.00016029572575782964
2458918.594409158	0.9980006398890345	0.00016017286683056312
2458918.594756958	0.9976447651331989	0.00015995542156442617
2458918.5954525573	0.9977931508186622	0.0001601216817040986
2458918.595800352	0.9976795058030183	0.00015998581280810735
2458918.5961481454	0.9976459296470289	0.00016027212901992402
2458918.596495945	0.9976920179366974	0.0001603329104184589
2458918.5968437446	0.9974352196218761	0.00016036352927233224
2458918.5971915447	0.9975382831373164	0.0001603630593633956
2458918.597539344	0.9978713362414985	0.00016016674072494977
2458918.597887144	0.9978877183956936	0.00015986584533713612
2458918.5982349436	0.9981070376304457	0.000160278435259293
2458918.5985827437	0.9977517951501567	0.00016008027104233278
2458918.598930543	0.9978013105956226	0.00015957462058149152
2458918.599278343	0.9976005802713083	0.00016009649816943084
2458918.599626143	0.9976147258507851	0.0001599390294978807
2458918.599973942	0.9977652434748634	0.0001603124652543277
2458918.600321736	0.9978304031463545	0.00016001085054226724
2458918.60066953	0.9979984370076844	0.0001599819249672436
2458918.6010173303	0.9977845814716634	0.0001602554634274554
2458918.6013651295	0.9979314445851393	0.00016011996682671687
2458918.6017129296	0.9981240969871232	0.0001605012771369217
2458918.602060729	0.9978346943865447	0.00015977161223318452
2458918.602408529	0.9976881083275455	0.0001599285803420972
2458918.6027563284	0.9976290523490576	0.0001602495239881006
2458918.6031041285	0.9978094013637648	0.00015979771152522745
2458918.6034519277	0.9976969490262606	0.0001603409972429393
2458918.6037997277	0.9975793119828672	0.00016032629750223197
2458918.6041475274	0.997912018996168	0.00016030398261057533
2458918.6044953214	0.9978477973057788	0.0001600082371163152
2458918.6048431154	0.9975938873464231	0.00016005664747954616
2458918.605190915	0.9976218945830835	0.0001601015716576127
2458918.605538715	0.9974389321015298	0.00015997968211377083
2458918.6058865143	0.99766057324476	0.00016025509390772856
2458918.6062343144	0.9975716527924686	0.0001602759827454448
2458918.6065821135	0.9973201278827704	0.00015971741134596765
2458918.606929914	0.9977800348682736	0.00016006846477399213
2458918.6072777133	0.997765229253754	0.00015992310404865312
2458918.607625513	0.9977845363374167	0.0001602278311386736
2458918.607973313	0.9977608592544913	0.00016000634159025757
2458918.6083211126	0.9977855499351997	0.00016032883800543027
2458918.608668912	0.9976650754464292	0.00016007294902057326
2458918.6090167062	0.9976909488590734	0.00016031571138534293
2458918.6093645003	0.9976750084673118	0.00015999584114925904
2458918.6097123	0.9978257730521113	0.00015988101183411882
2458918.6100600995	0.9975460031184051	0.00015995076496403668
2458918.610407899	0.9979351745027951	0.00016035856239259082
2458918.6107556988	0.9978113300908417	0.00016002420926572547
2458918.611103499	0.9976842745351197	0.00016035498769105023
2458918.6114512985	0.9975884549506627	0.0001602446772967863
2458918.6117990986	0.9979543084211108	0.00016031815304027664
2458918.612146898	0.9980101098438809	0.0001602543327988803
2458918.6124946973	0.9977630261471765	0.00016006174373225552
2458918.6128424974	0.9978936487022727	0.00016023015381805294
2458918.6131902914	0.9981827453989058	0.00015991208251931602
2458918.6135380855	0.9981271051158669	0.0001603581984448676
2458918.6138858846	0.99782142343555	0.0001599790549713416
2458918.6142336847	0.9979206795590622	0.00016012860026679061
2458918.6145814843	0.9980830508917858	0.0001602525502697875
2458918.614929284	0.9976287112998083	0.00016006778705328036
2458918.6152770836	0.997644249623994	0.00015986260232281067
2458918.6156248837	0.9978341665225646	0.00015988238408031722
2458918.6159726833	0.9976126522863432	0.00016029829023280165
2458918.616320483	0.9976537951115485	0.00016033193039081866
2458918.6166682825	0.9982771077613077	0.0001601590461329949
2458918.6170160826	0.9979398884233143	0.00015988899502767794
2458918.617363882	0.9976694806000744	0.00016042889601884395
2458918.617711676	0.9978799646646591	0.00016021632677371038
2458918.61805947	0.9978571608344136	0.0001603200806717041
2458918.61840727	0.9977232964785063	0.00016026912233403328
2458918.618755069	0.998050546858982	0.00016038862249868695
2458918.619102869	0.9979871077395892	0.0001598772274187414
2458918.619450669	0.9981225846330586	0.0001600646876606111
2458918.6197984684	0.9980471584077775	0.00016044918661114137
2458918.620146268	0.9982120514948013	0.00016010224447302537
2458918.620494068	0.9979658805879883	0.0001601821678761624
2458918.6211896674	0.9978787278298904	0.0001601900668849239
2458918.621537467	0.9978264220453811	0.0001602963378280098
2458918.621885267	0.9979101912759979	0.00015978997410513797
2458918.62223306	0.9980175719813756	0.00016027432496360918
2458918.6225808547	0.9983284302397216	0.00016012482605262887
2458918.622928655	0.9982908846766119	0.00016028041756304908
2458918.623276454	0.9983081656116682	0.00016030896367015928
2458918.623624254	0.9979876109842177	0.00015978890181029545
2458918.6239720536	0.9982012517989044	0.00015991253530731145
2458918.6243198537	0.9978668351945363	0.00016005965897303054
2458918.624667653	0.9979510102498937	0.00016035017978689516
2458918.6250154525	0.9980905766809202	0.0001601911853803315
2458918.6253632526	0.9980673518837719	0.00016008498959468528
2458918.625711052	0.9976773242408518	0.00015973009434221838
2458918.626058852	0.9983824743657567	0.0001598546259263639
2458918.626406646	0.9979194482864919	0.00016020512360471098
2458918.62675444	0.998339967713	0.00016004883550736784
2458918.6271022395	0.9982003751120245	0.0001602114067897107
2458918.6274500387	0.9984795193411266	0.00016016774744960195
2458918.627797839	0.9983832024288211	0.0001600486390150267
2458918.6281456384	0.9984148330483786	0.00015996138064597716
2458918.6284934385	0.9984075757581915	0.0001603654998213174
2458918.6288412376	0.9983893803817263	0.00016021208070585765
2458918.6291890433	0.9985551884558784	0.00015978914315314266
2458918.629536849	0.998584931091481	0.00016021751448513978
2458918.6298846486	0.9984475688735253	0.00015982394219829773
2458918.630232448	0.9988030048384033	0.0001604259525838986
2458918.6305802483	0.9988443173986136	0.0001600248019367242
2458918.630928042	0.9986146410683997	0.00016036119612007163
2458918.631275836	0.9988449182541157	0.00016009758070760418
2458918.6316236355	0.9990110821204675	0.00016015115641141906
2458918.6319714356	0.9991656365892543	0.00016023932079975992
2458918.632319235	0.9989901850207112	0.00016002670544722826
2458918.632667035	0.9990707022152516	0.00016008823810111816
2458918.6330148345	0.9989871776387247	0.000160244843619751
2458918.633362634	0.9989057344491922	0.00016021851964755839
2458918.6337104337	0.9990752006840665	0.0001601026279135331
2458918.634058234	0.9993626688591426	0.0001598426984290491
2458918.634406033	0.9991950554358641	0.0001603761975201301
2458918.634753833	0.999149421068554	0.00016021984627012762
2458918.6351016327	0.9992383398740682	0.00016037544374214503
2458918.635449421	0.9994710468568252	0.00016014956188135812
2458918.6357972203	0.999291429235329	0.0001603378897645335
2458918.63614502	0.9995833686165566	0.00015998036389243918
2458918.637884019	0.9997373229047871	0.00015997530123817053
2458918.638231818	0.9998950810112918	0.0001600929516648214
2458918.638579618	0.9997095438941296	0.00015991458966710124
2458918.638927418	0.9999892943527553	0.00016043903599958806
2458918.6392752174	1.0001033841207796	0.0001600373530523153
2458918.639623011	1.0001519777470256	0.0001600742483851518
2458918.6399708055	1.0001296031208835	0.00016058650148191724
2458918.640318605	0.9999196251076699	0.00016037482890002907
2458918.6406664047	1.0001618415050015	0.00016019012373345309
2458918.6410142044	0.9998172297236346	0.00016007249683835955
2458918.6413620044	1.0000182761994167	0.0001600847655878293
2458918.6417098036	1.0000034448090436	0.0001599502229528484
2458918.6420576037	1.0001212861965425	0.0001599124207972298
2458918.6424054033	1.0001603800140424	0.00016007764403262492
2458918.6427532034	1.0001975824423435	0.00016018845816232936
2458918.6431010026	1.0000226623887727	0.00016043257057420354
2458918.643448802	0.9998361808140878	0.00015984195244081952
2458918.6437966023	0.9999913559809167	0.0001605147133032868
2458918.6441443963	0.9998313803522796	0.00016012325177473924
2458918.64449219	0.9997202963002907	0.00016021838694671792
2458918.64483999	0.9999247491852468	0.00016013183696963687
2458918.6451877896	0.9998791169669883	0.00016007178723343647
2458918.645535589	1.0001317689595208	0.000159986061716343
2458918.6458833884	0.9999784792340929	0.0001601573398569898
2458918.646231189	1.000036727536452	0.00016011360277608792
2458918.646578988	0.9999629287651217	0.0001600063990965186
2458918.646926788	0.9999791228435544	0.00016000389398578154
2458918.6472745873	1.0002431447148847	0.000160023389740427
2458918.647622387	0.999891923259153	0.00016034660919905387
2458918.647970187	1.0002156456295352	0.00015994141479088765
2458918.6483179806	0.9998384161261323	0.0001599953434912114
2458918.6486657807	1.0001415446055661	0.00016006222282065395
2458918.6490135742	0.9997451203595515	0.00016000516554160634
2458918.6493613743	0.9999373265641466	0.0001600703477258717
2458918.6497091735	0.9999513195371024	0.00016029587999267296
2458918.6500569736	1.0000380734842869	0.00016017966159282394
2458918.650404773	0.9999055097588114	0.0001598805563331374
2458918.650752573	1.0000680189679163	0.00016021498490605292
2458918.6511003724	0.9998943848990197	0.0001601195415979938
2458918.6514481725	1.000006736049274	0.0001604613243085012
2458918.6517959717	1.0000554596994105	0.0001604865012798464
2458918.6521437718	1.000253424463708	0.00016039714838842996
2458918.6524915714	1.0000433843547143	0.00016008631603380247
2458918.6528393654	0.9995610158116931	0.00016037183876409992
2458918.653187159	1.0001408158280674	0.00016012265967426238
2458918.653534959	0.9999004670655696	0.00016036914549721174
2458918.6538827587	0.9999867211657938	0.00016024972049754843
2458918.654230558	1.0000389292182468	0.00016004538145965048
2458918.654578358	1.0004265520409383	0.00016033115397530028
2458918.6552739576	1.0000843081532975	0.0001601244208571217
2458918.655621757	0.9998097977723204	0.00016008310443814739
2458918.655969557	0.9999344448104087	0.00015988454829793958
2458918.6563173565	0.9999190361214888	0.00016010306847551227
2458918.656665156	1.000157296241641	0.00016011944252801967
2458918.6570129558	0.9998916973832774	0.00016012743917656627
2458918.65736075	0.9998087634133643	0.0001599532506293092
2458918.657708544	1.0000481867227686	0.0001603132786771483
2458918.6580563434	0.9998483237849873	0.0001602103102886097
2458918.658404143	0.9999771050730166	0.00015975645396702927
2458918.658751943	0.9999172961116207	0.00016000418909017702
2458918.6590997423	0.9999813830283365	0.00016019394415722301
2458918.659447542	0.9999976970745131	0.00015988548538518513
2458918.659795342	1.0000189751652682	0.00016005153168792657
2458918.660143141	1.000003956524995	0.00016020714187699078
2458918.6604909413	0.9999403881437093	0.0001602443811128673
2458918.660838741	0.9999853700340955	0.0001601964380699238
2458918.661186541	1.0000940425550828	0.0001597545076686763
2458918.661534334	0.9999876904981977	0.0001604149905796692
2458918.6618821286	0.9998609503834384	0.00016017761462971782
2458918.662229928	0.9998870526994836	0.00016034664927997894
2458918.662577728	0.9997546783524787	0.00016012514741480497
2458918.6629255274	0.99983550733367	0.00016051070042988252
2458918.6632733275	1.0001711104509248	0.000159807673971469
2458918.663621127	1.0000168868225927	0.0001599936098011378
2458918.6639689263	1.0000707752808677	0.00016032040048911318
2458918.664316726	0.9998250431775997	0.00016023565537905682
2458918.664664526	1.000132139558793	0.00016026303694063404
2458918.6650123256	1.0000684662580497	0.00016011180414523927
2458918.6653601252	1.0000476044490245	0.00015995492739418398
2458918.6657079253	0.9998139800919521	0.00016021241632397377
2458918.666055719	0.999930377985915	0.00016006887795484476
2458918.666403513	1.0003584672294399	0.00015999852878662338
2458918.666751312	1.0000567794091226	0.00015969448007741523
2458918.6670991126	0.9999718039898117	0.00015982914138736916
2458918.667446912	0.9997917566552897	0.00016033539000471586
2458918.6677947114	1.000148630894556	0.00016016904990514189
2458918.668142511	0.9998780462037051	0.0001602095137348183
2458918.6684903107	0.9999096324711427	0.00016014304431568362
2458918.6688381108	0.9999860882123359	0.00016047107000942277
2458918.66918591	1.0003539759189461	0.0001601732197839254
2458918.6695337105	1.0000454857184409	0.00015995456495968252
2458918.6698815096	0.9998662810452167	0.00016018546271816622
2458918.6702293092	1.000270461755315	0.00015998537762350744
2458918.6705771033	0.9999655798894177	0.00016031113748422266
2458918.670924898	0.9999827259169982	0.0001600553049329826
2458918.671272697	1.0000186691613508	0.00016010180131796386
2458918.671620496	1.0002325845591193	0.0001598339702506055
2458918.671968296	0.9999988363897085	0.00016009397284537402
2458918.672316096	0.9999966138894258	0.00016009332937512322
2458918.672663896	0.9998940294677249	0.00016061299626389492
2458918.6737072947	1.0002771964155657	0.00015985705168169087
2458918.6740550944	0.9998570982128432	0.00016001569917689092
2458918.674402894	1.0001300184811028	0.00015981946090603316
2458918.6747506876	1.0001305566465857	0.0001600245158321536
2458918.675098482	1.0000458263325023	0.000159783950148824
2458918.675446281	1.00007673680529	0.000160087845644538
2458918.6757940813	1.0002468596357474	0.00016039878650058722
2458918.676141881	1.0001326649425595	0.00015984159487485416
2458918.6764896805	1.0001262119391832	0.00015976170546589319
2458918.67683748	1.0002148909993056	0.00016025820274619246
2458918.6771852802	0.9999201122558402	0.00015999061016977212
2458918.6775330794	0.9998878876395584	0.00016031794512247439
2458918.677880879	1.0001878793435317	0.00016012984122970304
2458918.678228679	1.0000062078667726	0.00015995249343572743
2458918.6785764787	1.0000821237210495	0.0001600846531561584
2458918.6789242784	0.9999094223331	0.0001602026592191456
2458918.679272072	0.9996686230725801	0.00016006546705375925
2458918.6796198664	1.0001417649677722	0.00016004651134087755
2458918.6799676656	0.9996950128692367	0.000160157539068651
2458918.680315465	0.999818014346619	0.00016013547748946057
2458918.6806632653	0.9998490810711651	0.0001601036752874747
2458918.681011065	1.0002539074079992	0.0001602655475170177
2458918.6813588645	0.9998144554844023	0.00016016541423688883
2458918.681706664	1.0000096791015618	0.00016016766871914374
2458918.6820544642	1.000089265010546	0.00015985386235568852
2458918.6824022634	0.9999845086091564	0.00016009566286621422
2458918.6827500635	0.99969862677086	0.00016034439635703157
2458918.683097863	0.9998239195267798	0.00015990813482464128
2458918.6834456623	1.0000351965018297	0.00016013874137882329
2458918.6837934563	1.000132323513376	0.0001599961573524794
2458918.68414125	0.9999337323588797	0.00016027445059548182
2458918.6844890504	0.9999765275587855	0.00016019392405078634
2458918.6848368496	1.000089184524741	0.00015999194819084543
2458918.6851846497	0.9999670111967127	0.0001601782965994997
2458918.6855324493	1.0001720619246586	0.00016009949905813417
2458918.6858802484	0.9997720395553802	0.00016037515051938527
2458918.6862280485	0.9999185560088139	0.0001598734825497851
2458918.6865758477	1.0000738375581122	0.00016014176918314186
2458918.686923648	0.9999900060519179	0.000160346014964818
2458918.687271453	0.9997156082892927	0.00015996826440110772
2458918.6876192586	0.9999023072496372	0.0001601490761166405
2458918.6879670527	1.0000738353723106	0.00016014352068968827
2458918.6883148463	1.0002369014707353	0.0001604255474181181
2458918.6886626463	1.000010513646014	0.00016013528070493168
2458918.6890104455	0.9998921766699594	0.00016014282567960252
2458918.6893582456	0.9998678664241996	0.00016002150724739238
2458918.689706045	0.9997155567845653	0.00015992536197214678
2458918.690053845	0.9999986013761669	0.00016014033885998656
2458918.6904016444	1.0003103740454296	0.000160048362123981
2458918.690749444	0.9999576457440461	0.00015980795175069598
2458918.6910972437	1.0000020089115786	0.00016042779524988657
2458918.6914450433	0.9999447232148723	0.00016056050493479896
2458918.6917928434	0.999963936691371	0.00016054266336877032
2458918.692140643	0.9998808864750307	0.00016014186038336211
2458918.692488436	0.9999619558614984	0.0001599281378682997
2458918.6928362306	0.9998786544762208	0.00015993779406665688
2458918.6931840302	0.9999166741005977	0.0001601040968308857
2458918.69353183	1.0000580611174306	0.00016009216311720065
2458918.6938796295	1.000046574798557	0.00016032711866098654
2458918.6942274296	1.000216323256915	0.000160232401025407
2458918.694575229	1.000051660941453	0.000159999551771908
2458918.6949230283	0.9997114619379027	0.00016002170134703586
2458918.6952708284	1.0002108277621948	0.00015993814825802506
2458918.695618628	1.0000851083087445	0.00016023209928060146
2458918.6959664277	0.9998970610024104	0.00016000519205030942
2458918.6963142273	0.9999300092830019	0.0001599019155210274
2458918.6966620274	0.9998572259470258	0.0001599717219086898
2458918.6970098154	1.0000815797765934	0.00015994029764804173
2458918.6973576145	0.9998457098219417	0.00015994814585921705
2458918.6977054146	0.9998360878856085	0.0001601729490150169
2458918.6980532142	0.9999835998602379	0.0001602387553836417
2458918.698401014	1.0001101633700125	0.00016023733870445736
2458918.6987488135	0.999945394811598	0.00016005094152018567
2458918.699096613	0.9998769993588855	0.00016020681458263664
2458918.6994444127	1.0004119549646666	0.00016035853697004613
2458918.6997922123	0.9997138128679558	0.00016013925670108626
2458918.7001400124	0.9999630442405212	0.00016004095358968383
2458918.700487812	0.9995827822678558	0.00016014179553264818
2458918.7008356117	1.0001461129062017	0.0001601664502006634
2458918.701183411	1.0001479077918591	0.00016011767263110417
2458918.7015311993	0.9998242112594617	0.0001601176477574399
2458918.7018789994	0.9999775899566891	0.00016067124619322998
2458918.7022267985	0.9997488759125761	0.0001601921247253416
2458918.7025745986	1.0002147686095089	0.0001598402295777023
2458918.702922398	0.999904609367953	0.00016024694653196753
2458918.7032701974	1.0001621693356864	0.00016008694642130728
