#time		flux		flux_err
2458927.597078498	0.9998872154830197	0.0001603430809559208
2458927.597426298	0.9999257906092432	0.0001603245632102678
2458927.597774098	1.0001275567873622	0.00016008218689975425
2458927.5981218987	1.000024514510811	0.00016000850354956674
2458927.5984696983	1.0000950028992122	0.00016007001831128674
2458927.598817498	1.0001027481066709	0.00016028703296826793
2458927.5991652925	0.9999634855948104	0.000160125318874584
2458927.5995130865	1.0000120239208823	0.00016034947589362215
2458927.5998608866	0.9999752959532333	0.0001597434617118701
2458927.600208686	0.9999615941254119	0.00016009236805529842
2458927.600556487	0.9997916026749815	0.00015997572881766453
2458927.600904287	0.9997202114895296	0.0001600205859896194
2458927.6012520865	1.0001458666653358	0.00016017254405766875
2458927.601599887	0.9998728959832208	0.00016030609739820322
2458927.6019476866	1.0000521524588881	0.00016031133301692375
2458927.6022954867	0.9997523770341248	0.00015998550174485405
2458927.6026432863	0.9998457139288794	0.00016013943417187397
2458927.6029910864	0.9999807745134119	0.000160301064126349
2458927.603338875	1.000154860120144	0.00016001118213844595
2458927.603686675	0.9999523922958927	0.00016023214506020325
2458927.604034475	1.0000453510201242	0.00015984910994226565
2458927.604382275	0.9999996791603457	0.0001599125384176806
2458927.604730075	0.9999102123238036	0.00016027413295821146
2458927.608555863	0.9998613442475672	0.00016042857583466638
2458927.6089036632	0.9998639779667392	0.0001603850644191601
2458927.6092514633	1.0000004552909691	0.00015989478957681525
2458927.609599263	1.000003199045908	0.00015969712484315216
2458927.6099470635	0.9999181024273189	0.00015966730497727203
2458927.6102948636	0.9998564373588088	0.00015991903785258572
2458927.6106426637	1.0000673273037304	0.0001601639403838543
2458927.6109904633	0.9997292789970246	0.00016013635839811564
2458927.6113382634	0.9999138407104037	0.0001600861985730423
2458927.611686052	1.0001590838914003	0.00015992304258578052
2458927.612033852	1.00003406221359	0.00016017354419005188
2458927.6123816515	1.000101630506301	0.0001598535141603267
2458927.6127294516	1.0001877541924615	0.0001600887948040429
2458927.613077252	0.9999992239143486	0.0001598476078433064
2458927.613425052	1.0001369093043677	0.00016030138030278987
2458927.613772852	1.0001880196864104	0.00015980188140152603
2458927.614120652	1.0000253373187835	0.00015980750391055522
2458927.6144684516	0.9999266242348271	0.00016041211561680361
2458927.6148162517	1.000057347006678	0.00016009719440991424
2458927.6151640518	0.9998990928683165	0.0001600593359323749
2458927.615511852	1.0000603166960422	0.00015983054990680452
2458927.6158596454	0.9998605950284327	0.0001599707914196584
2458927.61620744	0.999947040131214	0.00016032016806610407
2458927.6165552405	0.9998945445727065	0.0001602267653640426
2458927.61690304	1.0000172778878857	0.0001600798945905941
2458927.61725084	0.9999998161492109	0.00016041092973811312
2458927.6175986403	1.0001409132889487	0.000160224287507567
2458927.6179464404	1.0001376626948884	0.00016001048431071177
2458927.61829424	0.9999654462880873	0.00016032534537672042
2458927.6186420396	1.0000253189971513	0.00016014614999154269
2458927.61898984	1.0000312853471844	0.00016026713401200428
2458927.61933764	0.9999095522394792	0.00015968442246823964
2458927.61968544	1.0000836494141658	0.00016042299519261562
2458927.62003324	0.9996157605312983	0.00016001570876394454
2458927.620381029	0.9999890875181117	0.00016033678280054248
2458927.6207288285	1.0000128624625828	0.00016003567360778128
2458927.621076628	0.9999057161839628	0.00016012762392361506
2458927.6214244287	0.9997233422786028	0.00015997618860612482
2458927.6217722283	1.000161043566616	0.00016014136916653343
2458927.6221200284	1.0000949995837385	0.00016014211519475426
2458927.622467828	0.9999841581678978	0.0001601828408427591
2458927.622815628	0.9998924949891052	0.00016016945457029115
2458927.623163428	0.9999999747408118	0.00016042056456497893
2458927.623511228	1.0000594156504021	0.00015994353230676207
2458927.623859029	1.0000364652260505	0.0001598750289349429
2458927.6242068284	0.9998743232902849	0.00015995009776321992
2458927.624554617	1.0001763444642282	0.0001604790155951274
2458927.6249024165	1.0001020813988928	0.00016016673405616275
2458927.6252502166	0.9998418237193127	0.00016014967345077906
2458927.6255980167	0.9999122539958621	0.00016032085509913599
2458927.6259458163	1.0000411614302769	0.0001600288388634945
2458927.6262936164	1.0000589442743302	0.00015989140542946317
2458927.6266414165	1.0000133962325188	0.00016018329020330488
2458927.626989216	0.999991226180115	0.00016000975838197245
2458927.627337016	0.99982626259921	0.00016003529492460006
2458927.6276848167	0.9997020132044956	0.00016046157745341463
2458927.628032617	0.9999827121685863	0.00016029879567286008
2458927.6283804164	1.0000915120388294	0.00016023904557137502
2458927.628728211	1.0000319109173372	0.00016009510633275558
2458927.629076005	0.9998560830756279	0.00015994248808023066
2458927.6294238046	1.0001112379384285	0.00016040906919004072
2458927.6297716047	1.0001357210577881	0.0001602561295257496
2458927.6301194048	0.9999463109689861	0.0001604024726859793
2458927.630467205	1.000101524303502	0.00015998476198032945
2458927.6308150045	0.9999848916825429	0.00015971759917093688
2458927.6311628046	1.0000287509249104	0.00016011917931915503
2458927.6315106046	0.9998115246661298	0.00016039173989515604
2458927.6318584047	1.0002411057450067	0.00016017164831458295
2458927.632206205	1.000089479683159	0.00016001431398629474
2458927.632554005	0.9998851903463157	0.00015997566101981332
2458927.6329017933	1.00000179486095	0.00016019437396760287
2458927.633249593	0.9999925912052007	0.00016036049170675893
2458927.633597393	0.9998383516934073	0.00015972452606185944
2458927.633945193	1.0000395977092307	0.00015989024352890054
2458927.6342929928	1.0003606053180085	0.00015995625291576263
2458927.634640793	1.0002398112749549	0.0001599342348939338
2458927.634988593	1.0002718764449519	0.0001600273304169347
2458927.6353363926	0.9999884695602855	0.00016023185562709212
2458927.6356841926	1.0000996951120678	0.0001604194363912071
2458927.6360319927	1.0000968118247027	0.0001601054894793678
2458927.6363797933	0.9998968879235242	0.000160169076013624
2458927.636727593	0.9999033264320069	0.000160192590566786
2458927.637075387	0.9999007213329987	0.00016002425680332569
2458927.6374231814	0.9998514964755266	0.00016009605557574434
2458927.638118793	0.9996872444466058	0.00016024125462566876
2458927.638466593	1.0000712027983654	0.00016031402283512932
2458927.6388143925	1.0000831457839345	0.00015997045091023046
2458927.6391621926	0.9998098127280423	0.00015994256516204574
2458927.639509992	0.9997500746492372	0.0001601606593433901
2458927.6398577928	1.000287855976195	0.00015992158807524504
2458927.6402055924	0.999681803813227	0.00016003975928465143
2458927.640553392	1.000038482019368	0.00016055563716954263
2458927.640901192	1.0000267668149623	0.000159944110673718
2458927.6412489926	1.000084048310094	0.0001599660540409795
2458927.641596781	1.0000685697668914	0.00016010302190090333
2458927.6419445807	0.9997647859702565	0.00016017382460429083
2458927.6422923813	1.0002129032216414	0.0001602639501555133
2458927.642640181	0.9999603610762362	0.00016020308092649636
2458927.642987981	0.9998937319455796	0.00016032966568089953
2458927.6433357806	0.9999783840257906	0.0001604164320263018
2458927.6436835807	1.0001560493898611	0.00016011859460446728
2458927.644031381	1.0000998438586624	0.00015976692583719634
2458927.6443791804	1.0000317352049464	0.00016031056085080434
2458927.6447269805	0.9998328827988919	0.00016007054297925968
2458927.6450747806	1.0001291736974736	0.00016014010644966565
2458927.6454225746	1.000012436202634	0.00016044822118913745
2458927.6457703686	0.9998974564964118	0.0001600528829296823
2458927.6461181687	0.9997805205141942	0.0001601186327843377
2458927.6464659693	0.9999472837529244	0.0001599939525608961
2458927.646813769	1.0001143031786008	0.00016022625305574183
2458927.647161569	1.0003737045465384	0.00016004342402753638
2458927.647509369	0.9998920351448428	0.0001597222606096645
2458927.6478571687	0.9999732482792898	0.000160186658087957
2458927.648204969	1.000019079582088	0.00015989817755300141
2458927.648552769	0.9999390812271625	0.00016020566853604723
2458927.648900569	1.0003222189076857	0.00016016119637669312
2458927.6492483686	1.0000191167536656	0.00016005636455800122
2458927.6495961687	1.0001066507204213	0.00016011108101004424
2458927.649943957	1.0001594590027854	0.00016011146095498553
2458927.6502917567	1.0000266715733426	0.0001601161412985236
2458927.650639557	1.0002286366816555	0.00016012466737716743
2458927.650987357	1.0000149864363508	0.00016011900975701506
2458927.651335157	1.0000596254701937	0.00015968398155409382
2458927.6516829566	0.9997211784573613	0.0001603331545991364
2458927.6520307567	0.9999872536445689	0.00015995800301124184
2458927.6523785572	0.999957588239839	0.0001597003600982467
2458927.652726357	1.0000035202586381	0.0001602664998126353
2458927.653074157	1.000037652218918	0.00016048445260346075
2458927.653421957	0.9999173644284463	0.00016034491100437644
2458927.653769751	1.0002726046660235	0.0001602438921602934
2458927.6541175507	0.9998126318345	0.00016037641998115974
2458927.654465345	1.0001078032120545	0.00016018123243397508
2458927.6548131453	1.0001143984104397	0.0001603519619685214
2458927.655160945	1.0002825735630867	0.0001601809955114475
2458927.655508745	0.9997966695088977	0.0001602225120951116
2458927.655856545	1.0001549887861527	0.00016030986972635043
2458927.6562043447	1.0002102491445004	0.00016006486346654256
2458927.656552145	1.000154784530566	0.00016019139463879073
2458927.656899945	1.0001113419458816	0.00016016931476097015
2458927.657247745	0.9997062972035843	0.00016020694761791827
2458927.6575955446	0.9996978303385885	0.0001603301923973328
2458927.657943344	0.9998377567988422	0.00015999087723597878
2458927.658291133	0.9998393025629321	0.0001604871828901524
2458927.6586389327	0.9999501658208605	0.00015987687837627456
2458927.6589867333	0.9999186729928033	0.00016016927929548728
2458927.659334533	1.000000964557329	0.00016038791452096146
2458927.6596823335	1.0001262970882292	0.00016014235885913723
2458927.660030133	1.0000057596435104	0.00015987469180900964
2458927.6603779327	1.0000290953555087	0.0001602807235609526
2458927.6607257333	1.0000126697187708	0.00016045494468111782
2458927.661073533	0.9998331928993353	0.00015991456491164043
2458927.661421333	1.0000091389140493	0.00015998751740645205
2458927.6617691326	1.0001067365615781	0.00015995699677072433
2458927.6621169327	0.9998922252387797	0.0001597502155668008
2458927.6624647267	1.0000563594972918	0.0001600778820647408
2458927.6628125207	0.9998563694964122	0.00016007904357077327
2458927.663160321	0.9998940524018333	0.0001600262012644766
2458927.663508121	0.9998174852750986	0.00016042037442064194
2458927.663855921	1.0000268879801042	0.00016047913999980032
2458927.6642037206	1.0000544184862692	0.0001602000292226928
2458927.6645515207	0.9998626849186821	0.00016010105620967537
2458927.664899321	1.0004242869497142	0.00016051122468325866
2458927.6652471204	1.0000303244141084	0.00015986636214767544
2458927.6655949205	0.999938763990644	0.00015984388817651317
2458927.6659427206	1.0000164314541402	0.00016042253078194177
2458927.66629052	0.9998302550792856	0.00016002310655053743
2458927.6666383143	1.0001099963143785	0.00016049502111499384
2458927.6669861088	1.000206647249805	0.00016001274533324557
2458927.6673339093	1.0000479603627161	0.00016009631010689714
2458927.667681709	1.0000945049646275	0.0001604883382639795
2458927.668029509	0.9997306158704979	0.00015981971112386797
2458927.668377309	0.9999514251192325	0.00016010537994859162
2458927.6687251087	1.0001534508550591	0.00015991169626552854
2458927.669072909	0.999895688885143	0.00016047784739000603
2458927.669420709	0.9998746831544609	0.00016015230876868463
2458927.669768509	0.9999575308212588	0.00016022279285530142
2458927.6701163086	0.9999710113216637	0.00015998635761421895
2458927.6704641087	1.0001336720353453	0.00016009438101825455
2458927.670811909	0.9997985341165168	0.00016027992004841694
2458927.6788112842	0.999919053947457	0.00016026380331327233
2458927.679159085	0.9998012047920164	0.0001603720803581565
2458927.6795068732	0.9997995368140522	0.0001601976824708333
2458927.679854673	1.0000361921011995	0.00016022247053258895
2458927.6802024725	1.0000889824198331	0.00016012750769516491
2458927.680550273	1.0000520681036422	0.00016016991469546959
2458927.6808980727	1.000094748995356	0.0001604144549918229
2458927.6812458728	0.9997825438613496	0.00016004078451104263
2458927.6815936724	1.0000882596386278	0.00015994778869547876
2458927.6819414725	0.9999912486482517	0.0001600684778212147
2458927.6822892725	1.0001827955090952	0.00015993713996411606
2458927.682637072	1.0000909829091178	0.00015998583519540076
2458927.6829848727	0.9997790920437589	0.00016041852235133068
2458927.6833326723	0.9999686070172242	0.00016033595671427074
2458927.6836804664	1.000206594740538	0.00016036046420770715
2458927.6840282604	0.9997727846748408	0.00016028330602165994
2458927.6843760605	1.0000598906987006	0.00016008009535736144
2458927.6847238606	0.999836509756231	0.0001600511494127759
2458927.68507166	1.0000500998819968	0.0001600755705596419
2458927.6854194603	1.0000734363791948	0.00016016778120592199
2458927.6857672604	0.9999690245487299	0.00016056306680643025
2458927.68611506	0.9998466129791386	0.00015999999352637957
2458927.68646286	0.9998365198399974	0.0001599745280956897
2458927.68681066	0.9999344113109203	0.00016036762742928083
2458927.6871584603	1.0000103635309057	0.0001603575939095218
2458927.68750626	0.9999126706056938	0.00016032106266956333
2458927.6878540544	1.0000640499474278	0.0001601772091933015
2458927.6882018484	1.0002510978159564	0.00016030170964619495
2458927.688549648	0.9999550411547963	0.00016017783413261339
2458927.688897448	0.9999490924620306	0.00016006664051709785
2458927.689245248	1.0001407042795374	0.00015985240024633143
2458927.6895930483	1.0000036586033365	0.0001603122887313729
2458927.689940848	0.9999023782936952	0.00015982942463123345
2458927.690288648	0.9999210174052037	0.0001604565872139762
2458927.690636448	0.9999015699239436	0.0001601709090074438
2458927.6909842477	1.0001387889280533	0.00016023834885289272
2458927.691332048	0.9999917250135718	0.00016014811914016116
2458927.691679848	1.0000624245458816	0.00016000908495209234
2458927.6920276475	1.0001238822171241	0.00016022467966521223
2458927.692375436	0.9998677508191134	0.0001602091847238928
2458927.692723236	0.9997631391397462	0.00016050602103993047
2458927.693071036	1.000322056653015	0.00016016668737454674
2458927.6934188358	0.9999253102048445	0.00015999320861203258
2458927.693766636	0.9997602181331123	0.00016019948072333703
2458927.694114436	1.0000348493363835	0.000160074294914045
2458927.6944622356	1.000180865825259	0.0001600431775952783
2458927.6948100356	0.99997551262774	0.00016018731001632224
2458927.6951578357	0.9998356234538414	0.00015994982854094795
2458927.695505636	1.00017504730278	0.00015994993163029507
2458927.695853441	1.0004280403109387	0.00015964181683941848
2458927.696201247	1.0002821545901635	0.0001601576786804425
2458927.696549041	1.0002531479043049	0.00016014703645447377
2458927.696896835	1.0000148785679281	0.00016002410328854944
2458927.6972446353	1.000017411552469	0.00016035643326783598
2458927.6975924354	0.9998772489808275	0.00015997073921855708
2458927.697940235	0.9999444112739427	0.00016006599172179443
2458927.698288035	0.9998283160491149	0.00015978909908972007
2458927.6986358347	0.9999103350153304	0.00016009516069637707
2458927.6989836353	0.9996970870740461	0.00015995098757668196
2458927.699331435	0.9997528551182122	0.00015996242414362404
2458927.6996792345	1.0002730620723197	0.00015999019469664172
2458927.700027035	1.0000985908579811	0.00016010109320135232
2458927.7003748347	0.9999865875318846	0.00016009426831702827
2458927.7007226287	0.9999300432741608	0.00015987618479189808
2458927.701070423	1.0002033741959173	0.00015990713399104923
2458927.7014182233	1.0002550723634385	0.00015997439255644548
2458927.701766023	0.9998687207510922	0.0001599229081379763
2458927.702113823	1.0001856039854284	0.00016004831844173596
2458927.7024616227	0.999876827487151	0.00015993537203832614
2458927.7028094227	1.0000898566094374	0.00016002550965826814
2458927.703157223	0.999940716855031	0.0001599969573490922
2458927.7035050225	1.0000456725819564	0.0001600113536709678
2458927.703852823	0.9999738378767723	0.000160240866682543
2458927.7042006226	1.0000444935444839	0.000160554567207784
2458927.7045484222	0.9999577256787937	0.00015976953849687896
2458927.7048962223	0.9999201326583528	0.00016027954789256494
2458927.705244011	0.9999597715209941	0.000160416779802725
2458927.705591811	1.0003089669516148	0.00016023506850612102
2458927.7059396105	0.9998424006701103	0.00016029121118553126
2458927.7062874106	1.0001042007497156	0.00016028295006311825
2458927.7069830103	0.9999385427639569	0.00016041522166610468
2458927.7073308104	0.9999096174550159	0.00015979572730397953
2458927.7076786105	1.00006596723535	0.00016024524016414882
2458927.7080264105	0.9998896384089969	0.00015980443898718568
2458927.70837421	1.0000599828892796	0.00016022675577297244
2458927.7087220103	0.9999836595796795	0.0001600589609386822
2458927.7090698103	0.9998823941455907	0.0001599387204835963
2458927.7094175983	1.0000899141755268	0.00016019930890710972
2458927.7097653984	1.000117467015811	0.0001601112440976962
2458927.7101131985	0.9998273687544973	0.00016010570939143173
2458927.7104609986	0.99995682625155	0.00016019068646774037
2458927.710808798	0.9997125210248388	0.00016008184943534502
2458927.7111565983	1.000053712306545	0.0001598970768490167
2458927.7115043984	0.9997907633665113	0.00016028103014743535
2458927.711852198	1.0002308181826802	0.000160165165637709
2458927.712199998	0.9998529087421422	0.0001601762357721219
2458927.712547798	0.9998738528056856	0.00016021500869974794
2458927.712895598	1.0002173048750325	0.0001600331714743762
2458927.713243398	1.0001689187510314	0.00016038958641663523
2458927.713591192	1.0000704163509073	0.00015989889949046348
2458927.7139389864	1.0001912967349083	0.000160060395545451
2458927.714286786	1.0000789605320282	0.00016000899173784647
2458927.714634586	0.99989911741918	0.0001600281647169927
2458927.714982386	1.00013929034481	0.00016030635631326628
2458927.7153301854	0.9996848193302218	0.000159727528972728
2458927.7156779855	1.0000879595319865	0.00015995554258596334
2458927.7160257855	1.0002023795670112	0.0001600221167329862
2458927.7163735856	1.00002941427945	0.000159951402690613
2458927.7167213853	1.0000719334109458	0.00016014045178823578
2458927.717069185	1.0002009482696146	0.00016023261135545533
2458927.7174169854	1.000084869005315	0.00016018562083520898
2458927.717764785	1.0001356021128474	0.00016012344013465065
2458927.7181125735	1.0001592847599017	0.00016009245487871366
2458927.718460373	0.9997898241252224	0.0001599303743447199
2458927.7188081737	1.0001206384050647	0.00015974263717331117
2458927.7191559733	1.0000216475975454	0.00016012630787786843
2458927.719503773	0.9995162887958368	0.00016001982320270442
2458927.7198515735	1.0001227876479186	0.00016018170868887656
2458927.720199373	1.0001528004133224	0.00016005323227963875
2458927.720547173	0.9997493123730855	0.00016026359395029501
2458927.720894973	1.0000951010809558	0.00016005152869330412
2458927.721242773	1.000052345564844	0.00015978871725058814
2458927.721590573	0.9999443865843953	0.00016044071765311941
2458927.7219383726	1.0002085065524815	0.00015992315490074186
2458927.722286161	1.0000672517331113	0.00016004900318079962
2458927.722633961	1.0000486319993822	0.00016034056825227653
2458927.722981761	1.000293749129031	0.0001600731438482638
2458927.723329561	1.0000437818601717	0.00016007038123049013
2458927.723677361	0.9999038381768788	0.00016000744181404606
2458927.724025161	0.9999176657182599	0.00015999132212633982
2458927.7243729606	0.9999882563812085	0.00015997662456965195
2458927.7247207607	1.0002786569831843	0.00016014043861414546
2458927.725068561	0.9995227551039566	0.00015999775810562542
2458927.7254163604	1.000068016274973	0.0001600272981210177
2458927.7257641605	1.0001570582735058	0.00016014405915060686
2458927.7261119606	1.0000323742589237	0.00016058582908194097
2458927.7264597546	0.9998512968834227	0.00015998915938472894
2458927.7268075487	1.000105321627046	0.0001601574836194067
2458927.7271553483	0.9998919629498375	0.000160106175779857
2458927.7275031484	1.0002908454317676	0.00016003258065476356
2458927.7278509485	0.999763450165251	0.0001598649652337014
2458927.728198748	0.999954579699762	0.00016016507166838147
2458927.728546548	1.0000833683590091	0.00016015074175751326
2458927.7288943483	0.9996914382343871	0.00016021030002722112
2458927.729242148	1.000049230748048	0.00016016930679332858
2458927.729589948	1.000152832884842	0.0001603877930606674
2458927.729937748	0.9999042719025416	0.00016011615125981982
2458927.7302855477	1.0001675581502047	0.00016008498676498673
2458927.7306333478	1.0000386006107915	0.00016011254637609198
2458927.730981136	1.000101491243896	0.0001599667243046281
2458927.7313289363	1.0001095782280942	0.00016002233003534642
2458927.731676736	0.9997458012660987	0.00015976656887656637
2458927.732024536	0.9997741982952095	0.00016010825948087194
2458927.732372336	1.0001056951719018	0.00015999641125431473
2458927.7327201357	0.9999963844403913	0.0001600089422190561
2458927.733067936	0.9997384728802289	0.00016024353640334938
2458927.733415736	1.0000234457886281	0.0001602000305650362
2458927.733763536	1.0000049193286367	0.00016005331735119557
2458927.7341113356	1.0002175825209314	0.00016003492478404937
2458927.7344591357	1.0000211801842847	0.00016021396361607052
2458927.734806936	1.0001228204286303	0.00016004416074544037
2458927.7351547237	0.9996689537471761	0.00016056024544263252
2458927.7355025234	0.9999773601444335	0.00016005572972920316
2458927.7358503235	0.9999939613217282	0.00016015117643482604
2458927.7361981235	0.9999063137085322	0.00015968940818061766
2458927.736545923	0.9999461825705757	0.00016009871745836725
2458927.7494144854	0.9997368845158546	0.00015980918960249545
2458927.7497622855	0.9998617849636013	0.00016026120126452507
2458927.750110085	0.9999340294578142	0.0001603446749057846
2458927.750457885	1.0002104074851843	0.00016017087217311618
2458927.7508056853	0.9999113933852071	0.00016024806246789128
2458927.751153485	1.000015165246741	0.00015995436078445452
2458927.751501285	1.0000033471927838	0.0001599578165895602
2458927.751849085	1.000295568897286	0.00015989835918150459
2458927.752196879	0.9999756756445269	0.00016004047922200184
2458927.752544673	1.0000823401241223	0.00016000308467322382
2458927.7528924732	0.9998683142508388	0.00016032716041114133
2458927.753240273	1.0001365200843344	0.00016007479251724685
2458927.7535880785	1.000098215834049	0.00016014137375445695
2458927.753935884	1.0002243434343496	0.00016030889946720594
2458927.754631484	1.0002497175627247	0.0001600175430837226
2458927.754979284	0.9998826768383121	0.00015985770482486404
2458927.755327084	0.999694496642832	0.00015989063812760663
2458927.755674884	0.9998078694575144	0.0001600139481481814
2458927.756022684	1.000018419938095	0.00016004350446324942
2458927.756370478	1.0000285450786115	0.00016006837222431943
2458927.7567182723	1.0001266086531435	0.00016018987770642803
2458927.7570660724	0.9999515051146032	0.00016017953442904031
2458927.757413872	0.9997715332519576	0.00016033752100055683
2458927.7577616717	0.9999812010134264	0.0001600635974928256
2458927.7581094718	0.9998651227009187	0.00015998914034245543
2458927.7584572714	1.0002513259073451	0.0001600871547013949
2458927.7588050715	1.0002505126708667	0.00016005936403962678
2458927.7591528716	0.9999761427681151	0.00016032143345921703
2458927.759500671	1.0000904393994328	0.0001598389050253389
2458927.7598484713	1.0000295640912218	0.00015997103349409993
2458927.760196271	0.9998201043988192	0.0001602528663615718
2458927.7605440714	0.9998534677779803	0.000160251108411685
2458927.760891865	0.9999533944218953	0.00016045861627238803
2458927.7612396595	0.9996482582432076	0.00015993749165474098
2458927.7615874596	1.0002071746292784	0.000159900513147163
2458927.761935259	0.9997951159395021	0.00016006579341708023
2458927.7622830593	0.9999503405224236	0.00016031688220941273
2458927.7626308585	1.000233765374963	0.00016010795392043902
2458927.762978659	0.99992321563341	0.00016050830334740984
2458927.7633264586	1.0000631901094688	0.00016022852756244344
2458927.7636742583	0.9998168070997601	0.00015988890842244286
2458927.7640220583	1.0001712188692766	0.00016021329259216825
2458927.7643698584	0.9997596262419002	0.00016041188249667668
2458927.7647176585	1.0002111880850142	0.00016035575424015792
2458927.765065452	0.999791542996079	0.00015981746488534493
2458927.765413247	0.9997557895758278	0.00016003745095180736
2458927.7657610467	1.0001689601685513	0.00015990749239523321
2458927.7661088463	0.9997113301901447	0.0001600452895257609
2458927.7664566464	1.0000603536046915	0.00016040255560195084
2458927.766804446	1.0001626718038314	0.00016019636111992073
2458927.767152246	1.0001465574267268	0.00016014227729551888
2458927.7675000457	0.9997596537820067	0.00016007951203693185
2458927.767847846	0.9995974196218265	0.00015994397623184434
2458927.768195646	1.0002976835654305	0.00016005392258349065
2458927.7685434455	0.9999919638097198	0.0001602692481793894
2458927.7688912456	1.0003059561356018	0.00015987679230849785
2458927.7692390457	1.0000738124368045	0.00015987270681322904
2458927.769586834	0.9998203299601748	0.00016017571257104495
2458927.7699346337	1.0000422898428731	0.00016023661536187592
2458927.770282434	1.0001520605781968	0.00016050792266631523
2458927.7706302335	1.0002847478554078	0.00016040615859128502
2458927.770978033	0.999881145869245	0.0001605749218914031
2458927.771325833	0.9999781685761348	0.00016015945683060324
2458927.7716736333	0.9999688774536175	0.00016028366093889833
2458927.772021433	0.9996309462719734	0.00016001377356664884
2458927.772369233	1.0001722489883984	0.0001602469341108977
2458927.772717033	0.9999246932420599	0.00016019910279882975
2458927.773064833	1.000132812943989	0.00016006274800621698
2458927.7734126328	0.9999480768916983	0.00015991885343472585
2458927.773760433	0.9999386296049609	0.00015982226807024103
2458927.7741082213	0.9997281087693273	0.00016010135956366707
2458927.7744560204	1.0001970822482447	0.00015990853441569917
2458927.7748038205	0.99974544240848	0.000160365225285325
2458927.7751516206	0.9999898456084115	0.00016014629618144418
2458927.7754994207	1.000132898322952	0.0001603565169166263
2458927.7758472203	1.0001975807301875	0.00016003977114978075
2458927.77619502	1.000280133338379	0.0001601648112908469
2458927.7765428205	1.0002426547183427	0.0001606141618570586
2458927.77689062	1.0001665716815684	0.00016039729061424385
2458927.77723842	0.9998855946060803	0.0001601622387767589
2458927.7775862203	0.9999458226046793	0.0001601434688958296
2458927.7779340195	0.9997478828574194	0.00016027282879051448
2458927.778281808	1.0000141545817398	0.00016019867560712202
2458927.7786296075	1.0000944027636391	0.00016000908792729803
2458927.778977408	1.0000305936257887	0.0001601734874322382
2458927.7793252077	1.0000977650921052	0.0001604525508411321
2458927.779673008	0.9999972610233279	0.00016018019985327296
2458927.780020808	1.000136450572515	0.0001602371913014717
2458927.7803686075	0.9999960181374493	0.00016005470712916357
2458927.7807164076	0.9997366913593807	0.00015999632579264439
2458927.781064207	1.0001470476213277	0.00016029027087567578
2458927.7814120073	1.0001808539129189	0.00015989714759067782
2458927.781759807	1.0000947659724047	0.0001601279885186174
2458927.7821076065	1.0000618801219912	0.00016005513911108874
2458927.782455401	1.0002322666338412	0.00016005871144553885
2458927.782803195	0.9998761561293316	0.00016017735512356197
2458927.783150995	1.0003266553467371	0.0001604090464359862
2458927.783498795	0.9999556435298947	0.00016016756017139233
2458927.7838465953	1.0000666054803649	0.00016009780561758306
2458927.784194395	0.9998965935411761	0.00015997469159388376
2458927.784542194	1.00031456226879	0.0001600270942336247
2458927.784889994	0.9997670726453418	0.00016001378981742465
2458927.7852377943	1.0001756162477564	0.0001602024241463672
2458927.7855855944	0.9997913587556861	0.00016032728486143857
2458927.785933394	1.0001353167242297	0.00015995457950007718
2458927.786281194	0.9999227250521417	0.00015995794179885287
2458927.786628994	0.9998272539103709	0.00016047467728357514
2458927.786976788	0.9998965201958762	0.00016011564370276753
2458927.787324582	0.9998830969949641	0.00016007557512850886
2458927.787672382	0.9999304300601513	0.00016040550853213867
2458927.788020182	1.0001538170153945	0.00015997171973903534
2458927.7883679816	1.000217134765013	0.0001601058858355016
2458927.7887157816	0.9999654962475347	0.00016038423784089123
2458927.7890635817	0.99991137341112	0.00015977101742592308
2458927.7894113814	0.999872918251781	0.000160315510278592
2458927.7897591814	1.000012032100681	0.00016023425360037875
2458927.7901069815	0.9999408260761763	0.00016060232640683855
2458927.7904547816	1.0001101056235226	0.00015995388042446972
2458927.790802581	1.0001425852846328	0.00016011038500711276
2458927.7914981693	0.9998868331036388	0.0001601545862518642
2458927.791845969	1.0001027128083464	0.0001601736643999398
2458927.792193769	1.000076229683435	0.00016008739497294294
2458927.792541569	1.0000157938308651	0.00016023419136052092
2458927.792889369	0.9999981018766082	0.00016019203336284021
2458927.793237169	0.9999890325807036	0.00016003405539083952
2458927.793584969	0.9996788115644928	0.0001601608629159597
2458927.7939327685	0.9999361511768015	0.00015992854520646818
2458927.794280568	1.0000416871664204	0.00016058236877829595
2458927.794628368	0.999986386392485	0.00016018642435711874
2458927.7949761683	1.0001306813327948	0.000160123807470287
2458927.795323968	0.9998439588148479	0.0001600305300974792
2458927.795671762	0.9997749107241782	0.0001598722754401109
2458927.7960195565	0.999643382929567	0.0001599723825504106
2458927.7963673566	1.0002509404169628	0.00015998482453151542
2458927.7967151557	0.9998548747536292	0.00015982467896755666
2458927.797062956	0.9997727614990637	0.00015996864753889663
2458927.797410756	0.9998877834334643	0.00016004788788152662
2458927.7977585555	1.000101834085125	0.00016041594357753798
2458927.7981063556	1.0000395577796473	0.00016042139023937256
2458927.798454155	0.9998405856647868	0.0001601060504951095
2458927.7988019558	0.9999913079175929	0.00016016598407682432
2458927.7991497554	1.0002156440220897	0.0001603002582945975
2458927.7994975545	0.999934540045286	0.00016005152009506364
2458927.799845349	0.9998139519481241	0.00016000789532608027
2458927.800193143	1.0000525729443956	0.00016010088746414795
2458927.800540943	1.0001031968591887	0.00015991466792638885
2458927.800888743	1.0002469068279123	0.00015994691720542096
2458927.8012365433	0.9999421506351232	0.00016008039650846349
2458927.801584343	1.0003488622477332	0.00016005495880299552
2458927.8019321426	1.0001877743067098	0.00015995838215844858
2458927.8022799427	1.00016183365073	0.00016033429006377537
2458927.8026277423	0.9999917636637361	0.00016002581667190518
2458927.8029755424	1.0000395937156648	0.00015990491454687816
2458927.803323342	0.9999923403797631	0.00015997229795130047
2458927.803671142	0.9996998383235294	0.00015985274422953272
2458927.804018942	1.0000642406919256	0.00016016927604631023
2458927.804366736	1.000096808399137	0.0001602860884223512
2458927.80471453	1.000127112521407	0.00016017128149607943
2458927.80506233	0.9997483349466376	0.00016034969122764525
2458927.80541013	0.9996953707122711	0.00016006206650348153
2458927.8182787024	0.9999862360779198	0.00016027178321993143
2458927.818626502	0.9997470195680351	0.00016053668213979752
2458927.818974302	0.9997032163360524	0.0001603720073891134
2458927.819322102	0.9995139259437618	0.00016007206787101695
2458927.819669902	0.9999507030455798	0.000160301843028849
2458927.8200177015	0.9995978959867973	0.0001600615753181059
2458927.820365501	0.9997474599437075	0.00015995149143281176
2458927.8207133017	0.999502962085732	0.00015988900751112714
2458927.8210611013	0.9993461624003742	0.00016030763959816078
2458927.8214089014	0.9995704499628126	0.00016007861650603553
2458927.8217567005	0.9993702524359355	0.0001599732714257651
2458927.8221044894	0.9995494422873885	0.0001600356555204365
2458927.822452289	0.9992229062031972	0.0001601348941169645
2458927.8228000887	0.9991317961368114	0.00016031444875549584
2458927.823147889	0.9991764675767926	0.00016044738369460653
2458927.823495689	0.9993382229303786	0.0001602131707084335
2458927.823843489	0.999089868985728	0.00016020442623089772
2458927.824191288	0.9990371030240297	0.00016001218680500743
2458927.824539088	0.9991534844063993	0.00016020623633596114
2458927.8248868883	0.9990309962396309	0.00016011774975601515
2458927.825234688	0.9989356453154746	0.0001600122153322358
2458927.825582488	0.999252967403451	0.0001601624506859679
2458927.825930288	0.9988875755732433	0.0001600924252452803
2458927.826278076	0.9987453815080819	0.0001604048456113848
2458927.8266258757	0.9984482332553729	0.00016012202589936616
2458927.8269736758	0.998636705442985	0.00016034360046308634
2458927.827321476	0.998452723874455	0.0001603989590954508
2458927.8276692755	0.9984963273704961	0.00015983192916392994
2458927.8280170755	0.998575177664463	0.00016016405304865455
2458927.828364875	0.9984831538795604	0.0001599924621296535
2458927.828712675	0.998456915063452	0.00016039439672931038
2458927.829060475	0.9985347805545202	0.00015994894043375312
2458927.829408275	0.9981714824538822	0.00016018694930881592
2458927.829756075	0.9980934691862882	0.00015995452184988892
2458927.8301038747	0.9979947734488633	0.00016016890558948546
2458927.8304516743	0.9979507290988386	0.0001601012562224009
2458927.8307994627	0.99787646071046	0.0001602083768367782
2458927.8311472624	0.9976852247813587	0.00016023024855101153
2458927.8314950624	0.997796816095004	0.0001599918128745198
2458927.8318428625	0.9976575900699063	0.00016026427948917304
2458927.8321906626	0.9975677443996944	0.00016028989296661578
2458927.832538462	0.9978563419120245	0.00016007048205193524
2458927.832886262	0.9978662831723842	0.00016049082937849
2458927.833234062	0.9974395627167048	0.00016040735273388463
2458927.8335818616	0.9978740838268221	0.00016028745393493392
2458927.8339296617	0.9976510991422852	0.00016010384827701407
2458927.8342774617	0.9974844820517325	0.00016031822853720772
2458927.834625261	0.9974672983094479	0.00016016123631256348
2458927.834973055	0.9970389294439307	0.00015998174355462682
2458927.8353208494	0.9974646066598257	0.00015982174348551088
2458927.8356686495	0.9973423695188328	0.00016032880567160628
2458927.836016449	0.9971578324712316	0.0001602759920034634
2458927.8363642492	0.9972549870853679	0.0001602571690182661
2458927.836712049	0.997075122746442	0.00015978434837020028
2458927.8370598485	0.9970638549083992	0.00015978379581227056
2458927.8374076486	0.9973988399071764	0.00015998704615219009
2458927.837755448	0.9972653770874514	0.0001603049370888615
2458927.8381032487	0.9973991316155644	0.00016028373247084138
2458927.8384510484	0.9973381453509521	0.00016030337999157408
2458927.8387988475	0.9973907437599507	0.00016031310091887878
2458927.839146648	0.9970669981896393	0.0001599029247393578
2458927.839494436	0.996953298669495	0.00016027972984683218
2458927.839842236	0.9971574972459507	0.00016035026105733213
2458927.8401900358	0.9972604842600252	0.00016009217450583724
2458927.8405378363	0.9970357996731652	0.00015980716036266286
2458927.8408856355	0.9970907928937354	0.00016011381207667953
2458927.841233435	0.9973915544228334	0.0001598551941347451
2458927.8415812356	0.9969120358730943	0.0001601735348093123
2458927.8419290353	0.9968653798742767	0.00016005424864651171
2458927.8422768353	0.9970246224070038	0.00016044200739169384
2458927.8426246345	0.9970709355825167	0.00016021414136826887
2458927.8429724346	0.9968350243788074	0.0001601677652123836
2458927.8433202347	0.9973035079126995	0.00016035387475446248
2458927.8436680343	0.9967763408848662	0.00016007815720932666
2458927.8440158227	0.997219391482015	0.00015979361050243133
2458927.844363623	0.9970075503703058	0.00016031984855653075
2458927.8447114225	0.9971587860420034	0.00016052970230613582
2458927.845059222	0.9970349835041563	0.00016028143283629715
2458927.8454070226	0.997005564414835	0.00016011802031374548
2458927.8457548223	0.9966087961361056	0.00015992173182598833
2458927.846102622	0.99693614981916	0.0001599066077465477
2458927.8464504215	0.9969901184791345	0.00016018925422616744
2458927.8467982216	0.9969202491004427	0.00015997611511993836
2458927.8471460217	0.9971299977008871	0.0001599426555992142
2458927.8474938213	0.9969699772003571	0.0001601325383912554
2458927.8478416214	0.9968787304119551	0.0001600485590070936
2458927.8481894154	0.9970797495741335	0.00016024731727802487
2458927.848537209	0.9968669874761865	0.00016045091289528633
2458927.848885009	0.9967415433484607	0.00016014865421270326
2458927.849232809	0.9967309503937954	0.00016003866748708754
2458927.8495806092	0.9968266945902028	0.000159958072978173
2458927.849928409	0.9966603520805182	0.00016014203342655276
2458927.8502762085	0.9968591079443778	0.00016026898871525914
2458927.8506240086	0.9969736646667698	0.00016005071492678985
2458927.850971808	0.996690640370475	0.00016017564718597024
2458927.8513196083	0.9968728376136428	0.00016007237956448616
2458927.8516674084	0.9967934116098244	0.00016006525014053562
2458927.8520152075	0.9968720451508373	0.00016017228578412722
2458927.8523630076	0.996966168167103	0.0001598257382791912
2458927.852710802	0.9968527318648928	0.00015984242694663838
2458927.853058596	0.996913771799566	0.00016010557973354515
2458927.8534063958	0.9969639586826613	0.0001602499425067739
2458927.8537541954	0.9969434231777647	0.00016038755294181422
2458927.8541019955	0.9966145288658886	0.00016027305412085765
2458927.854449795	0.996964550712845	0.0001600285081273472
2458927.854797595	0.9969256144526774	0.00016022217048937838
2458927.8551453953	0.9971613971822971	0.00016010065141825865
2458927.855493195	0.9966155401215993	0.00016014186315837232
2458927.8558409945	0.9968725799966245	0.00016031338993883457
2458927.8561887946	0.9965310098286001	0.00016005305828216033
2458927.8565365947	0.9965554384637704	0.0001605122151897401
2458927.8568843943	0.9964143768911723	0.0001599687208559664
2458927.857232188	0.9967893283005143	0.00016030998626208583
2458927.8575799824	0.9967747773066133	0.00015985601551493417
2458927.8579277825	0.9967225771794679	0.00016057414253861857
2458927.858275582	0.9967042315585143	0.00015982930124411868
2458927.8586233817	0.996800856473812	0.0001603712245531674
2458927.8589711823	0.9967382763983511	0.000159940751747548
2458927.8593189814	0.9968003957251426	0.00016027900446993412
2458927.8596667815	0.9968655282025606	0.00016039534344394738
2458927.860014581	0.9966694356375427	0.00015988590668719808
2458927.860362381	0.9969453027116555	0.00016008296202327666
2458927.860710181	0.9966821866620621	0.00016020368351158014
2458927.8610579805	0.9965658773842783	0.00016005429615529066
2458927.861405775	0.9966639379477531	0.00015995301476599055
2458927.861753569	0.9967373726308189	0.00015992467336859155
2458927.862101369	0.9964410874361409	0.00015998298112895244
2458927.862449168	0.9965417026948601	0.00016000024112489947
2458927.8627969683	0.9968021008147772	0.00016002780652320478
2458927.8631447684	0.9965750266748422	0.00015997160565706673
2458927.863492568	0.9967795500271465	0.00016028688602230838
2458927.8638403686	0.9969437403415176	0.0001604118335043777
2458927.8641881677	0.9969005569793882	0.00016005250297132195
2458927.8645359674	0.9967126756440388	0.00016005973348138936
2458927.8648837674	0.9967119150205346	0.0001601535747614879
2458927.8652315675	0.9965597705234323	0.00015995467788537676
2458927.8655793676	0.996642389805006	0.00016005912002517862
2458927.8659271607	0.9967247837893488	0.00015990912892565316
2458927.866274955	0.9967262978984092	0.00016021944356286964
2458927.8666227553	0.9967391049817832	0.0001603094308372519
2458927.866970555	0.9966967880933748	0.00016025042565695867
2458927.867318355	0.9968354617893417	0.00015997733485153984
2458927.8676661546	0.9965535690026845	0.0001601219098777779
2458927.8680139547	0.996670135041691	0.00016007579650099477
2458927.8683617543	0.9967656976714883	0.00015996173863806865
2458927.8687095544	0.9967375885562885	0.000160187191733322
2458927.8690573545	0.996638143786613	0.00016036804813986653
2458927.8694051537	0.9966572945474945	0.00016031179209486822
2458927.8697529654	0.9966150614752888	0.000160089559034367
2458927.8701007655	0.9969417495936322	0.00016018844606589165
2458927.8704485595	0.9968616387794127	0.00016000696112205995
2458927.870796353	0.9964231389810304	0.00015987873348958893
2458927.871144153	0.9967748163857079	0.0001599802014820258
2458927.8714919533	0.996523041848238	0.00016041084332359113
2458927.871839753	0.9965240729162725	0.00015994298535147977
2458927.872187553	0.9966080292021663	0.00016002912128194958
2458927.8725353526	0.9967106601823251	0.00015998620640732345
2458927.872883152	0.996646783238228	0.0001601964610855548
2458927.8732309523	0.9963926779125347	0.00016011439037987151
2458927.8735787524	0.9969780686272992	0.00016062259884539062
2458927.873926552	0.9967497520366805	0.0001599338779507583
2458927.8742743516	0.9961711162620841	0.00016016105745722802
2458927.8746221517	0.9966558717046273	0.0001602723895070592
2458927.8857517117	0.9964618452773671	0.00016020479690026282
2458927.8860995118	0.9965017889945808	0.00016030055961782874
2458927.8864473114	0.9965329289057671	0.00016036323464930735
2458927.886795111	0.9967101283561929	0.00016020981322825562
2458927.887142911	0.996159629366529	0.0001600650338542053
2458927.887490711	0.9965184067530408	0.0001602277067604648
2458927.8878385103	0.9963150308110043	0.0001603028050710736
2458927.888186299	0.9964528678399875	0.0001601613120027794
2458927.888534099	0.9967097165029223	0.0001597166569042283
2458927.888881899	0.9966782698735205	0.00015998507235508925
2458927.889229698	0.9964241332902138	0.00016042710084341233
2458927.889577498	0.9965210451203024	0.00015999456116353507
2458927.8899252983	0.9964384114214647	0.0001604168357332886
2458927.890273098	0.9962355716441054	0.00016015805786961598
2458927.890620898	0.9964815225816961	0.00015994668420583923
2458927.8909686976	0.996467224289609	0.00016032578193504154
2458927.891316497	0.9965261391656938	0.00016019266590853822
2458927.8916642973	0.9964276263489685	0.00016000901532366965
2458927.8920120974	0.9964194782111124	0.00016041250012360884
2458927.892359897	0.996533775505773	0.0001600796011642677
2458927.892707685	0.9964160179623573	0.00016026189930490109
2458927.893055485	0.9963673549250117	0.0001603592543325566
2458927.893403285	0.9964141579980158	0.00016026898283767787
2458927.8937510843	0.9961973299281074	0.00016038534834639478
2458927.8940988844	0.9964261720557183	0.00015996931028212195
2458927.8944466845	0.9967273775684906	0.0001601452776892207
2458927.8947944846	0.9964481897353998	0.00016037140650514348
2458927.8951422838	0.9965740234713241	0.00016001894380944618
2458927.8954900834	0.9964424908979407	0.00016038196571267982
2458927.895837884	0.9965780610335074	0.00016056451295901712
2458927.8961856836	0.9964930745891082	0.00015998688123340185
2458927.896533483	0.9967271731100826	0.00016025482954371608
2458927.8968812716	0.9963762567498292	0.00015995852678675428
2458927.8972290717	0.9963895569799048	0.00016013471571841073
2458927.8975768713	0.9962370603646417	0.00015989772479694253
2458927.8979246705	0.9966359688593159	0.00016006742708104583
2458927.898272471	0.9965305549700978	0.00016030932566622549
2458927.8986202707	0.9962759590750945	0.0001601756168872095
2458927.8989680707	0.9963947682472803	0.0001602463060510586
2458927.8993158704	0.9967373776193181	0.00016020485471569912
2458927.89966367	0.996487849715455	0.0001603076160066883
2458927.90001147	0.9967195412784935	0.0001597001873666372
2458927.9003592697	0.9963845474603716	0.00015991002844416595
2458927.90070707	0.9964275423715052	0.00016012686617851855
2458927.9010548694	0.9962447078899128	0.0001603256940578866
2458927.901402658	0.996351272879122	0.0001597946314219848
2458927.9017504575	0.9964500465661478	0.00016030659317741025
2458927.902098257	0.9963672970224183	0.00015988976966549288
2458927.902446057	0.9964843707591486	0.00016026072046789353
2458927.902793857	0.996483262190643	0.0001603063162355583
2458927.9031416574	0.9963973428074109	0.00016022068470101944
2458927.9034894565	0.9962360579977678	0.0001602693238122677
2458927.903837256	0.996145013475633	0.0001600692071453221
2458927.904185056	0.9965834175610448	0.0001599432258749437
2458927.9045328563	0.9963573473085678	0.00016023105532653366
2458927.904880656	0.9966339743822008	0.00016059139928024295
2458927.9052284556	0.9964460329937623	0.0001602643506145906
2458927.9055762556	0.9965276172465994	0.000160056491778326
2458927.905924044	0.9962584557557048	0.00016020407115852842
2458927.9062718437	0.9965038942266203	0.0001599381564374995
2458927.9066196433	0.9964887427915192	0.0001599521522995083
2458927.9069674434	0.996313135267308	0.00016008695383263992
2458927.9073152435	0.9961887026517501	0.0001603010564364986
2458927.9076630427	0.9965186092335591	0.00016035345700563103
2458927.9080108427	0.9962125201081863	0.00016043824792665178
2458927.908358643	0.9963954400493379	0.00016036869983364495
2458927.908706442	0.996295098758981	0.00016030284528336132
2458927.909054242	0.9964759272185115	0.0001601618526400252
2458927.909402042	0.9965131579598381	0.000160321211280463
2458927.9097498422	0.9963375100303223	0.00015991341178135855
2458927.9100976354	0.9965184667450083	0.00016029726524157163
2458927.91044543	0.9963240912196443	0.00016001165320529543
2458927.91079323	0.9966910760353229	0.0001600833831172959
2458927.9111410296	0.9962949373909314	0.00016023408173942842
2458927.911488829	0.9966908400669544	0.00015990932569183867
2458927.9118366293	0.9963923282064392	0.0001598848273865694
2458927.9121844294	0.9962195916312094	0.00015966967816981358
2458927.912532229	0.9961411554881615	0.0001602159320593283
2458927.9128800286	0.9965254558484212	0.00016003787257623872
2458927.9132278287	0.9962566752694612	0.00016044055416210363
2458927.9135756283	0.9961689762793523	0.0001601174538332335
2458927.9139234284	0.9964664518650104	0.00015977132535656107
2458927.914271228	0.9963062455436409	0.00016022085536665094
2458927.914619022	0.9963929376221455	0.00016027471743967266
2458927.914966816	0.9965349040913897	0.00016002232305146623
2458927.9153146157	0.9962337260418693	0.00015982578586790455
2458927.915662416	0.9962788619504425	0.00016061249206598204
2458927.9160102154	0.9960126554983988	0.0001602535654471343
2458927.9163580155	0.9965589332097033	0.0001602450869346116
2458927.916705815	0.9966163409944537	0.000160329500670385
2458927.9170536147	0.9964027417267509	0.00016008642460365688
2458927.917401415	0.9964338131681575	0.00016006495506111403
2458927.917749215	0.9964782983742514	0.0001604769700860769
2458927.9180970145	0.9964585053371411	0.0001603834137688252
2458927.918444814	0.996284726820914	0.00016023795351573556
2458927.918792614	0.9966510177514388	0.00016053717827739533
2458927.919140408	0.9965157774849104	0.00015984439023069498
2458927.919488202	0.9963755258030682	0.00015998787154501774
2458927.919836002	0.9963183990555303	0.00016021687793639594
2458927.9201838016	0.9965222497808459	0.00016010457173195442
2458927.9205316016	0.9960811043452369	0.00016004242686416305
2458927.9208794013	0.9964647674711317	0.00016020512070176032
2458927.921227201	0.9963070217516791	0.00016017709262879093
2458927.9215750014	0.9961943738982647	0.0001603296964574962
2458927.9219228006	0.9964781553504045	0.00016023342116225367
2458927.9222706007	0.9963383394455582	0.00016036191455919729
2458927.9226184003	0.996262230481116	0.00016050053298794466
2458927.9229662	0.9966230762511704	0.00016018618786725584
2458927.923313994	0.9964191774033926	0.00016005987996094745
2458927.923661788	0.9962936438499594	0.00016026658634327295
2458927.924009588	0.9962048797446392	0.0001601052648048011
2458927.9243573877	0.9964169375402389	0.00016043546732448798
2458927.924705188	0.9963517963899989	0.00015989562170884246
2458927.9250529874	0.9964936074359967	0.00016027074513967136
2458927.925400787	0.9965137059871567	0.0001602555019721583
2458927.925748587	0.9965535167815149	0.00016015433955435512
2458927.9260963867	0.9962509768820494	0.00016001106596904291
2458927.926444187	0.9964263025720136	0.00016016805511732932
2458927.9267919865	0.9963919653347967	0.00015992129315630155
2458927.927139792	0.9965572648783427	0.0001603161001489161
2458927.927487592	0.9967505722818271	0.00016026755121062187
2458927.9278353914	0.9965169990291457	0.0001602618345928639
2458927.928183186	0.9964600080905684	0.00016019230017290316
2458927.9285309855	0.9964783819737363	0.0001606791638279152
2458927.9288787856	0.9964465621102341	0.00016001764711907847
2458927.929226585	0.9963347171462685	0.0001599300380019142
2458927.929574385	0.996513645655222	0.00016017203490983515
2458927.929922185	0.9963523966119114	0.00016015591572945167
2458927.9302699845	0.9964300291709682	0.00016017690828299194
2458927.930617784	0.9962664823297556	0.00016035212535417794
2458927.9309655842	0.9963896924648467	0.00016049451657725863
2458927.9313133843	0.9964513283561387	0.00016043924706487159
2458927.931661184	0.9964484820586372	0.00016069782521634408
2458927.9320089775	0.9963396785129982	0.00016024484647049844
2458927.932356772	0.9963237795748217	0.00016020448204974753
2458927.9327045716	0.9963836127553899	0.00016006893361746963
2458927.9330523713	0.9965332089807766	0.00015993588836253454
2458927.9334001713	0.996447112577089	0.00016021788580303212
2458927.9337479714	0.9966926220353353	0.00016023143732936108
2458927.934095771	0.9965402418977523	0.0001602063311645274
2458927.9344435707	0.9964340602125866	0.00016032796451053604
2458927.9347913703	0.9966486508060166	0.00016022516034354338
2458927.9351391704	0.9964972308526455	0.00015987509980727515
2458927.93548697	0.9964659541291826	0.0001598217108469371
2458927.93583477	0.9964978220469809	0.0001601221804803601
2458927.9361825697	0.996157604838315	0.00016008715110332446
2458927.9365303637	0.9965640319137804	0.00015993898727874317
2458927.936878158	0.9964749515485377	0.00015998676316244983
2458927.937225958	0.9963595438461671	0.00016007105420880744
2458927.9375737575	0.9964978976116405	0.00016018981162801098
2458927.937921557	0.9961070972183002	0.0001597383312653134
2458927.938269357	0.9965233205695612	0.00016017728612402091
2458927.9386171564	0.9963151031524616	0.00016013474678662013
2458927.938964957	0.9965172943800673	0.00016002923563474846
2458927.9393127565	0.9964477115990696	0.00016010836081922623
2458927.939660556	0.9962962175477443	0.00015969104397137586
2458927.9400083562	0.9962785340510265	0.0001602788971414639
2458927.940356156	0.9963122885288415	0.000159802493593375
2458927.940703956	0.9964967269027258	0.0001599159812436008
2458927.9410517495	0.9967095397910242	0.00016016505491438698
2458927.941399544	0.9966103984347977	0.00016019179689575426
2458927.9417473436	0.9960954812744842	0.00016033863964243922
2458927.942095143	0.996498819181825	0.00016034005076597004
2458927.9424429433	0.9961626093308373	0.0001606045413189503
2458927.942790743	0.9963120684068825	0.00016002196062734491
2458927.9431385426	0.9963583450366013	0.00016031502419110882
2458927.943486342	0.9961166961561587	0.00016050268062336632
2458927.9438341423	0.9964775711740904	0.0001601718300292126
2458927.9441819424	0.9961600961105231	0.00016050258524960036
2458927.9448775416	0.9964414023461883	0.00016008534272824463
2458927.9500945155	0.9961715178884323	0.00016012584796758995
2458927.950442315	0.9961739865166123	0.00015986526548441272
2458927.950790115	0.9964002266201704	0.00015984807844953274
2458927.951137915	0.9965107550917528	0.00016031994621638516
2458927.951485715	0.9966299260723479	0.00016029501413786037
2458927.9518335145	0.9963465278290818	0.0001602287353254503
2458927.952181314	0.9962531750058985	0.00016010963495926225
2458927.952529114	0.9962572884317773	0.00016008308484139104
2458927.952876914	0.9966811176699424	0.00016020640343878298
2458927.9532247134	0.9965701618857403	0.00015984293398731874
2458927.9535725135	0.9966131787347422	0.00015999485128673647
2458927.953920313	0.996503267402763	0.00016090008873100527
2458927.954268107	0.9961718882131174	0.00016042459430585368
2458927.954615901	0.9962674250583705	0.0001603135090162686
2458927.9549637013	0.9963592327122512	0.00016002454108756973
2458927.955311501	0.9962650238599352	0.00016015704140801218
2458927.9556593006	0.9963837040733701	0.0001603519203252797
2458927.9560071006	0.9961987817686343	0.00016040938484476164
2458927.9563549003	0.9965254481485241	0.0001601142629040103
2458927.9567027	0.9960260244935968	0.00015988861826194377
2458927.9570504995	0.9961351819321885	0.00016008203939548533
2458927.9573983	0.9965108055112376	0.00016008700339266774
2458927.957746099	0.9962854339931221	0.0001600589492270776
2458927.958093899	0.9963849944618752	0.0001603044211826911
2458927.9584416933	0.9959052514383263	0.00016002236331693985
2458927.958789487	0.9963547862650732	0.00015970890449621558
2458927.959137287	0.9962127318226428	0.00016036986668205948
2458927.9594850866	0.9965816129994874	0.00016024196769971486
2458927.9598328867	0.9960976867833414	0.00016021847621573352
2458927.9601806863	0.9961581428866576	0.0001601564024468445
2458927.960528486	0.9962938535379807	0.00016001673087947938
2458927.960876286	0.9961552057530806	0.00016017711706186447
2458927.9612240857	0.9962805179538258	0.00016009521543586513
2458927.9615718857	0.9961737953633412	0.00016004132027658125
2458927.961919685	0.9964161961932468	0.00015955895770624294
2458927.962267485	0.9963945305042865	0.00016042563255764706
2458927.962615285	0.9965455234732963	0.00016011357173635233
2458927.9629630786	0.9967540263369256	0.0001602628956022659
2458927.9633108727	0.9964118062359715	0.00016009218869999256
2458927.9636586728	0.9962291315802814	0.00016018301341537075
2458927.9640064724	0.9962833254826684	0.00016008926641563682
2458927.964354272	0.9964451847357589	0.00016010132401201208
2458927.9647020726	0.9964930850449788	0.0001601613874864815
2458927.9650498717	0.9962451765466878	0.0001603237967251043
2458927.9653976713	0.9963172587464366	0.0001601833907629195
2458927.9657454714	0.9960789422963838	0.0001600654991769326
2458927.966093271	0.9961117732854574	0.00016046909834456998
2458927.966441071	0.9965686157175184	0.00016021633307865314
2458927.9667888707	0.9965002274213948	0.000160452497009584
2458927.967136665	0.9963047803426995	0.00016045134994194997
2458927.9674844644	0.9960616836163015	0.0001601033048527695
2458927.9678322584	0.9964512927928499	0.00016017114802996908
2458927.968180058	0.9966531468418778	0.0001599138670260126
2458927.968527858	0.9964777974556468	0.0001601182333074738
2458927.968875658	0.9962322762962345	0.00015973109709713698
2458927.9692234574	0.9963621018971244	0.00016019257961766848
2458927.9695712575	0.9960887521502576	0.00016015502345409518
2458927.9699190576	0.9962336902433867	0.00016025562147463804
2458927.9702668567	0.9961633280254726	0.0001602637387920368
2458927.970614657	0.9967046334623149	0.0001603590848607259
2458927.970962457	0.9961881799001606	0.00016024150819804326
2458927.971310256	0.9964263458908885	0.00016030485836394145
2458927.97165805	0.9964774993219918	0.0001600137342734482
2458927.9720058446	0.9965165207056467	0.00016029885853841076
2458927.972353644	0.9965512561233802	0.00016021964918799326
2458927.972701444	0.996344541725368	0.00015984584477196572
2458927.973049244	0.996182006773917	0.0001599566920191786
2458927.9733970435	0.9963603619439602	0.0001601768249843162
2458927.973744843	0.996331510416721	0.0001602098109196351
2458927.9740926432	0.9967704912089148	0.00016016220861170613
2458927.974440443	0.9964727808441053	0.00016038518187859045
2458927.974788243	0.9965592993667942	0.00016020750823026077
2458927.9751360426	0.9962974939062583	0.00015995200524989887
2458927.975483842	0.9963190709067354	0.00016023517811261979
2458927.9758316423	0.9961089904854249	0.00016020781008808783
2458927.9761794363	0.9964021576329729	0.00015983481474441877
2458927.97652723	0.9964605811482402	0.00015978496078231
2458927.97687503	0.9963398262621004	0.00016025456020513776
2458927.97722283	0.9964966303707853	0.00015987277088104203
2458927.977570629	0.9961049257191651	0.00016014190116912753
2458927.977918429	0.9965631063962265	0.00016014896175789545
2458927.9782662294	0.9962895632983727	0.00016026159652074177
2458927.9786140285	0.9963325239091148	0.00016011893283667837
2458927.9789618286	0.996239273658443	0.00016040868346679034
2458927.9793096287	0.996302352319469	0.00016002541729307583
2458927.979657428	0.9960047212390781	0.00016005903638681407
2458927.980005228	0.996333623231647	0.00016015968356876466
2458927.9803530215	0.9964212158916124	0.00015983052895262884
2458927.980700816	0.9961135541644058	0.0001602249279425733
2458927.9810486156	0.9962927398167425	0.00016025593085419593
2458927.9813964153	0.9961222875631573	0.00016018945638827662
2458927.981744215	0.9964026425422348	0.00016001316968515652
2458927.982092015	0.9963911250681965	0.00016006623051982358
2458927.9824398146	0.9964328467842778	0.00016035391609483716
2458927.982787614	0.9964460259125572	0.00016009870674088328
2458927.983135415	0.9961643807953124	0.00016049039847178874
2458927.983483214	0.9966155149321224	0.0001601428065195402
2458927.9838310136	0.9964986008769917	0.000159925392739785
2458927.9841788136	0.9963593987879092	0.00016014013764425357
2458927.9845266133	0.9965296480078906	0.00015972777094098103
2458927.9848744073	0.9962137094652446	0.00016012872136987393
2458927.9852222013	0.9964727214522405	0.00016006612126655262
2458927.985570007	0.9963328046978134	0.00016026054429674837
2458927.9859178127	0.9964751790256877	0.00016032914258533464
2458927.986265612	0.9961627703652121	0.00016008030969617026
2458927.986613412	0.9960595597014869	0.00016015019136977714
2458927.986961212	0.9964060910515284	0.0001602220996670403
2458927.987309011	0.996725816053979	0.00016009748973664354
2458927.9876568113	0.9962355045176688	0.0001601665503380028
2458927.9880046113	0.996339735013506	0.0001605708995398812
2458927.988352411	0.9961433979270258	0.00015983210332104583
2458927.9887002106	0.9963732219038295	0.00016031184338687355
2458927.9890480107	0.9964069975036325	0.0001602278506368744
2458927.9893957986	0.9965356825902496	0.0001602918741575959
2458927.9897435983	0.9967185634664494	0.00015980604418192656
2458927.990091398	0.996442864285746	0.0001597602318348602
2458927.990439198	0.9961406186475459	0.00016023080346036454
2458927.990786998	0.9964367900552826	0.0001597753369822512
2458927.991134797	0.9964391358320613	0.00016028666840708873
2458927.9914825973	0.9963498317385809	0.0001599890322974637
2458927.9918303974	0.996540363551553	0.0001602335893939507
2458927.9921781966	0.9962455117339936	0.00016009473129283738
2458927.9925259966	0.9962027974755596	0.00016047907919615055
2458927.9928737967	0.9964160437177689	0.00016031681727365384
2458927.993221596	0.9960588738545542	0.00016016139817739877
2458927.99356939	0.9964342130470003	0.00015984213506876622
2458927.993917184	0.9965047882635607	0.00016007590269406842
2458927.994264984	0.9964702622906317	0.00015972594198922801
2458927.9946127837	0.9964752677238559	0.00015986526631088377
2458927.9949605833	0.9962814746399472	0.00016007466408333895
2458927.9953083834	0.9963580500792866	0.0001597322196324739
2458927.9956561835	0.996478729929636	0.00016037929316946165
2458927.9960039826	0.9964454543837669	0.00016025550974898642
2458927.996351782	0.9962382958191641	0.00016024764138197544
2458927.996699583	0.9964313475957316	0.00016005544125789924
2458927.997047382	0.9961699663207628	0.00015992756699635682
2458927.997395182	0.9962023434069164	0.00016029579171897236
2458927.9977429816	0.9961134405918023	0.00016009537696023228
2458927.9984385697	0.9963474354693967	0.000160110910019866
2458927.998786369	0.9962608966306012	0.0001604953405005186
2458927.999481969	0.9961835154927691	0.00016000308845161065
2458927.9998297687	0.9964983116357639	0.00016013628119054596
2458928.0001775688	0.9963299789583274	0.00015989260986014027
2458928.000525368	0.9962539459445188	0.00016013426758335273
2458928.000873168	0.9965342502138302	0.0001603263151659351
2458928.0012209676	0.9963812963513289	0.00016029026449549937
2458928.0015687677	0.996321666856349	0.00016015900505071445
2458928.0019165673	0.9957340218169011	0.00016029596216308328
2458928.002264367	0.9960431103423241	0.0001601096054903825
2458928.002612155	0.9964181222255506	0.00016026508912272153
2458928.002959955	0.9964110586806526	0.0001599178627280844
2458928.0033077546	0.9964840445045133	0.0001605439648920498
2458928.0036555543	0.9964631799306782	0.00016031521132313844
2458928.0040033543	0.9966056695287753	0.00015993083649037195
2458928.004351154	0.9964095479685586	0.00015982650869002875
2458928.0046989536	0.9962059861706122	0.0001598531105526345
2458928.0050467537	0.9964818725665763	0.00016013584268053434
2458928.0053945533	0.9966040206749807	0.00015996214496157945
2458928.0057423534	0.9963802864303443	0.0001602729918089692
2458928.0060901525	0.9965262812858261	0.0001601294679974144
2458928.0064379526	0.9964526363446582	0.00016036844651576735
2458928.0067857467	0.9960631602928948	0.00016007806416326768
2458928.00713354	0.9962324562767101	0.00016028065438146135
2458928.0074813403	0.9962538717581624	0.00016001249955529425
2458928.00782914	0.9962591070242954	0.00016017819369516665
2458928.00817694	0.9960886083472024	0.0001602361186812238
2458928.0085247396	0.9966358725886647	0.00016028835952866253
2458928.0088725393	0.9961689173757298	0.0001599236938374267
2458928.0092203394	0.9966517392066823	0.00015990070200119118
2458928.009568139	0.9965186757990602	0.00016033707638458386
2458928.0099159386	0.9964096765508504	0.00016009122665657587
2458928.0102637387	0.9962115032272031	0.0001603276216016719
2458928.010611538	0.9961361965749332	0.00016026676086121724
2458928.010959338	0.9962229132823176	0.0001600802792393324
2458928.0113071264	0.9965501350146078	0.0001602163278135244
2458928.011654926	0.9964624043239422	0.00016034134835681148
2458928.0120027256	0.996616772294628	0.00015977288891000208
2458928.0123505252	0.9961870936735019	0.00015982723695822236
2458928.0126983253	0.9961749127980926	0.00016014977032980445
2458928.013046125	0.9963362632330844	0.00016010136494399045
2458928.0133939246	0.9962773860926264	0.00016010221120093827
2458928.0137417247	0.996406767691581	0.00016007997412008438
2458928.0140895243	0.9966368087871471	0.00016019094643741352
2458928.014437324	0.9964018448990999	0.00016012217486302197
2458928.0147851235	0.9965188553946556	0.00015994149139309527
2458928.0151329236	0.9962968607401541	0.0001598238634159087
2458928.0154807116	0.9962698343094286	0.00015981148575236419
2458928.0158285117	0.9965999169575668	0.00016024704512672283
2458928.0161763113	0.9961454287800924	0.00015991463017936376
2458928.0165241114	0.9964557667608427	0.00016025514074137986
2458928.0168719105	0.9964865243832545	0.0001602166770872314
2458928.01721971	0.9965105742026091	0.00016028828802930887
2458928.0175675107	0.9965221067515452	0.00016013529171029416
2458928.01791531	0.9965466007032389	0.00016012405855120733
2458928.01826311	0.9964525937763424	0.00015997150018319452
2458928.0186109096	0.9963833010047076	0.00016053890891738813
2458928.018958709	0.9963465644604963	0.00016032121166262032
2458928.0193065093	0.9965961665645793	0.00016004600335956174
2458928.0196543084	0.9961990882959965	0.0001599730186484667
2458928.0200020974	0.9963926962299494	0.0001602850901950177
2458928.0203498965	0.9964763096502022	0.00016010956020830192
2458928.0206976966	0.9966114350785197	0.00016017011322957806
2458928.021045496	0.9964404637021649	0.0001597369320397861
2458928.021393296	0.9965732693571843	0.00015991463265965523
2458928.021741096	0.9966798995092788	0.00016049105475431097
2458928.022088895	0.9963989153257877	0.00016026797552566647
2458928.0224366956	0.9965806791898726	0.00015995596918516684
2458928.0227844953	0.9966973217894369	0.00015991797616453642
2458928.0231322944	0.996643055358157	0.00016030977293493632
2458928.0234800945	0.9960908521496624	0.0001600030511341069
2458928.023827894	0.9966100879579032	0.00016030046337928787
2458928.024175694	0.996568621379827	0.000160185428686757
2458928.024523482	0.996304310445321	0.00015996383817188064
2458928.024871282	0.9961158864428226	0.00016047800124046376
2458928.025219082	0.9966149251715002	0.0001606242637620139
2458928.0255668815	0.9963472693413075	0.00016024813291168477
2458928.025914681	0.9962498350795643	0.00015980399038847723
2458928.026262481	0.9963259323317661	0.00016021176013073776
2458928.026610281	0.9964824397232801	0.000160357753891359
2458928.0269580805	0.9968030562889709	0.00016010424422432801
2458928.02730588	0.9963737140387634	0.00016007455487624495
2458928.02765368	0.9964288753706743	0.00016004967431197716
2458928.0280014793	0.9966196170953935	0.00016031322508707567
2458928.0283492794	0.9963262679649488	0.00016025707904454843
2458928.028697068	0.9964438385066383	0.00015986207585230855
2458928.0290448675	0.9965665788452994	0.00016010358076647368
2458928.029392667	0.9963105940147726	0.00016012576175805144
2458928.0297404667	0.9961936407449693	0.00016016747357250246
2458928.030088267	0.9965822446486647	0.00016038930251988893
2458928.0304360664	0.9962609104437321	0.0001599819783164984
2458928.030783866	0.9964541509429288	0.00016015976524364056
2458928.031131666	0.9963640156520569	0.00015980891448960142
2458928.031479466	0.9964678154649803	0.00016011062505367986
2458928.0318272654	0.9966413362662617	0.00016017052999173903
2458928.0321750655	0.9965700655175964	0.00016018900339098246
2458928.032522865	0.9965108266524453	0.00016022950421418387
2458928.0328706647	0.9966175658963202	0.0001601043584738907
2458928.0332184527	0.9961984086579889	0.00016006232243907136
2458928.033566253	0.9966043039785034	0.00016006832826234824
2458928.0339140524	0.9965836528518479	0.00016003828890612658
2458928.034261852	0.996544995427077	0.0001603238018979032
2458928.034609652	0.996416536489351	0.00015976911095426274
2458928.0349574517	0.9965967922584452	0.0001601253171173447
2458928.0353052514	0.9968960017089895	0.00015982139587341696
2458928.035653051	0.9961074374599298	0.0001602419552440139
2458928.036000851	0.9962873511900782	0.0001599901506834837
2458928.0363486507	0.9962715867388571	0.0001605056293288601
2458928.0366964503	0.996452247483249	0.00016003656662315897
2458928.0370442504	0.9964705033409068	0.0001598365705526898
2458928.037392044	0.9963959059962326	0.00016031094202980823
2458928.037739838	0.9965402003805992	0.00016013459448006325
2458928.0380876376	0.9965380400835993	0.00016051870298561754
2458928.0384354377	0.996399071731205	0.00016028517300905763
2458928.0387832373	0.9965600204008603	0.00016016352546961533
2458928.039131037	0.996562021746737	0.00015985823800531877
2458928.0394788366	0.9963276040668516	0.00016049356227925467
2458928.0398266367	0.9965419172203535	0.00016015216633138358
2458928.0401744363	0.9961528615946685	0.00016010896129501658
2458928.0405222354	0.9961585781860884	0.00015987367417706882
2458928.040870036	0.9962766668029278	0.00015992929949827878
2458928.0412178356	0.9965170266303398	0.00015999832033191717
2458928.0415656352	0.996238936324802	0.0001601446868693447
2458928.041913423	0.9964532320953058	0.0001602099810064978
2458928.0422612233	0.9963612388810773	0.00015989995003497275
2458928.042609023	0.9965044449043432	0.00016034019778851506
2458928.042956822	0.9963588239139577	0.00016026894760277094
2458928.043304622	0.9967195642478727	0.00016009943388772707
2458928.043652434	0.9965115398700112	0.00016003559103741296
2458928.044000233	0.9965744717065614	0.0001599343983066785
2458928.044348033	0.9964650923575891	0.00016036074801575517
2458928.0446958328	0.9963473946562079	0.00016011888083627743
2458928.045043633	0.9965980895795951	0.00016055634544534647
2458928.045391432	0.9963624720029653	0.00016032194999655383
2458928.045739232	0.9966296500337299	0.0001605327046067773
2458928.046087026	0.9964280166055395	0.00016034910661527136
2458928.0464348197	0.9966685247232167	0.00016008602752854226
2458928.04678262	0.9965712188057797	0.0001600793685177899
2458928.0471304194	0.9964713354464556	0.00016026087598545663
2458928.0474782195	0.9963549086658298	0.00016028290995353275
2458928.0478260187	0.9965456031736581	0.0001599226204464583
2458928.0481738187	0.9965634738253432	0.0001601171866571461
2458928.048521619	0.9966783912045699	0.00015972006159843493
2458928.048869418	0.9966143300026229	0.0001602726946993025
2458928.049217218	0.9965672549526131	0.00015965644793314377
2458928.0495650177	0.9965044757251099	0.00016010417681175016
2458928.0499128173	0.9964237385152467	0.00016039114721522787
2458928.050260617	0.9965900412878903	0.0001601650504359704
2458928.0506084054	0.9963235496327121	0.00016014973669658308
2458928.0509562055	0.9965320688392403	0.00016048782085446327
2458928.0513040046	0.9968888749281645	0.0001601070827591091
2458928.0516518047	0.9963746075060002	0.00016024406899691366
2458928.0519996043	0.9967556664271492	0.00016003853079927933
2458928.052347404	0.9968725427261727	0.000160110936438466
2458928.0526952036	0.9964993853331624	0.000159999960560225
2458928.0530430037	0.9964800541205272	0.00016011184340870445
2458928.0533908033	0.9964648374358714	0.00016011408728718187
2458928.053738603	0.9966262615819342	0.00015995331823987982
2458928.0540864025	0.9968334528309596	0.00016042288686992363
2458928.0544342026	0.9965237105432069	0.00016032324217447362
2458928.0547819966	0.9967874583112936	0.00016004360132009803
2458928.05512979	0.9966500246550587	0.00015996175207268258
2458928.0554775903	0.9965889244268625	0.00015981689557604837
2458928.05582539	0.9965602478278416	0.00016031258305614118
2458928.0561731895	0.9967019212030603	0.0001602050411604728
2458928.056520989	0.9967255961939901	0.00016027101216952545
2458928.0568687893	0.9964929609644932	0.00016051555022739608
2458928.057216589	0.996538365938079	0.00016002452772833646
2458928.0575643885	0.9963530502430358	0.00015997588280031215
2458928.057912188	0.9966101478129024	0.0001599555814696197
2458928.058259988	0.9968384458725418	0.00016019776508184924
2458928.058607788	0.9965012539330076	0.0001598760562610949
2458928.058955587	0.9965796557833397	0.0001602357573638172
2458928.0593033815	0.9967817392403406	0.00016025038477348577
2458928.059651175	0.9965952809707025	0.0001601573565024486
2458928.059998975	0.9970075516557872	0.00015986227366724399
2458928.0603467748	0.9965816223611469	0.00016042663221796458
2458928.060694575	0.9970670909312646	0.00016009764856931254
2458928.0610423745	0.9962810455996597	0.00016045826543650894
2458928.0613901736	0.9965204831243792	0.00016041616832198277
2458928.0617379737	0.9969255528970058	0.0001601308478579092
2458928.0620857733	0.9968094391235528	0.00016012462843109757
2458928.0624335734	0.9966542244160925	0.00016047440561388026
2458928.0627813726	0.9967350875410873	0.00016003346523194747
2458928.0631291727	0.9968674036880223	0.0001601614028887452
2458928.0634769667	0.9969817914552281	0.0001601679565562074
2458928.0638247603	0.996662942409944	0.00016015157592377287
2458928.0641725603	0.9966570724187406	0.00016030196541168783
2458928.06452036	0.9965155931037233	0.00016032776246391295
2458928.06486816	0.9966334895509031	0.00015984764607551228
2458928.065215959	0.9970600354963072	0.0001599926538902764
2458928.0655637593	0.9965499022073733	0.00015977140895607643
2458928.065911559	0.9968095821642587	0.00016018193985711134
2458928.0662593585	0.9964801531589523	0.0001596910447052916
2458928.066607158	0.9969482970682089	0.00016026693422692743
2458928.0669549583	0.996653223552764	0.0001604320413478737
2458928.0676505575	0.9967038671125361	0.0001600930222402648
2458928.067998352	0.9967271583209402	0.0001600788300977025
2458928.0683461456	0.9969665616645674	0.0001600311250496592
2458928.068693945	0.9965355388328565	0.00016018016302264858
2458928.069041745	0.9967336716258011	0.00016028553270411013
2458928.069389545	0.9965330749421039	0.00016033947461732
2458928.069737344	0.9969079978576474	0.0001602487565351867
2458928.070085144	0.996708816581243	0.00016018274810168946
2458928.0704329438	0.9969663166659225	0.00015996262356101642
2458928.070780744	0.9968415809803213	0.00016006324960883434
2458928.071128543	0.9969051461602365	0.00015945389912803723
2458928.071476343	0.9967777234897848	0.00015995992814856472
2458928.071824143	0.9966225315771337	0.00016015366334979538
2458928.0721719423	0.996910102983628	0.00016018633611293473
2458928.0725197364	0.9969536382196764	0.00016012018404926127
2458928.0728675304	0.9968232972201557	0.00015998456559926838
2458928.0732153305	0.9967614077607944	0.00016005361104254613
2458928.0735631296	0.9964465818685517	0.00015994957167594372
2458928.0739109297	0.9968868465497033	0.00016017170556655326
2458928.0742587293	0.996873405202648	0.00016019271142810734
2458928.074606529	0.9967647827161702	0.00015989518013362315
2458928.0749543286	0.9967320152733039	0.00016036287414033604
2458928.0753021287	0.9966120341941527	0.00015993960232726153
2458928.075649928	0.9966865976061309	0.00016007326060399235
2458928.075997728	0.9969254348778469	0.00015993171739059328
2458928.0763455275	0.996879785872242	0.00016029705521543173
2458928.0766933216	0.9967474291877215	0.00016004095840838287
2458928.0770411156	0.9969774767606012	0.00016007523780133722
2458928.0773889152	0.9970689559011991	0.00015987797211083944
2458928.0777367153	0.99694706018098	0.00016026082907240148
2458928.0780845145	0.9966926201846291	0.00016022550405965204
2458928.0784323146	0.9965977651729943	0.00016028341381820667
2458928.0787801137	0.9968783414339023	0.00016023423452166737
2458928.0791279143	0.9964640818834051	0.0001598671105942549
2458928.0794757134	0.9967150048250298	0.0001602402661746534
2458928.079823513	0.9967790645883878	0.0001602731877610151
2458928.080171313	0.9969497962315806	0.00015998897109167725
2458928.0805191128	0.9966739967760365	0.0001601303550040007
2458928.0808669124	0.9970710488626221	0.00016037404333644147
2458928.0812147064	0.9966075470733642	0.0001602630876241559
2458928.0815625004	0.9967920624651945	0.0001601883775197173
2458928.0819103	0.9966790901563495	0.00015976237312011437
2458928.0822580997	0.9968235627358714	0.0001600611478158761
2458928.0826058993	0.9970490912779991	0.00015972310042114353
2458928.082953699	0.9968488467222927	0.00015981708751282802
2458928.083301499	0.9968642206583217	0.0001599223936268735
2458928.0836492986	0.9968209945168262	0.00016024652410973842
2458928.0839970987	0.9972170019732485	0.0001602016664746316
2458928.0843448984	0.9970426319304183	0.00016038623177896857
2458928.0846926975	0.9969753828312792	0.000160178805477981
2458928.0850404976	0.9966644330477401	0.00016005115964491236
2458928.0853882916	0.9968625657096446	0.0001602400981180651
2458928.0857360857	0.9968808203898819	0.00016056840409326426
2458928.086083885	0.9970383416749017	0.00015994037904737562
2458928.086431685	0.9968566522252892	0.00016018255055281442
2458928.0867794845	0.9970515918194682	0.00016037655016974892
2458928.087127284	0.9971074755435511	0.00016027612602018107
2458928.087475084	0.9970343401477971	0.00016019830828776805
2458928.087822884	0.9969735141930353	0.00016062168488303538
2458928.0881706835	0.9966834224614081	0.0001603369661163424
2458928.088518483	0.9968024426907831	0.0001604242677732468
2458928.0888662827	0.9969517440231135	0.00016021145054819015
2458928.089214083	0.9968708519600505	0.000160128293870189
2458928.089561882	0.9970615542071479	0.00015985064976667968
2458928.089909676	0.9968906336041059	0.00016022600504524557
2458928.09025747	0.9970924398293333	0.00016020163940323363
2458928.09060527	0.997111117610644	0.0001603191563029929
2458928.0909530693	0.997030696912451	0.00016039388925877346
2458928.0913008694	0.9970486620820262	0.00015971768808869204
2458928.091648669	0.9973096738384245	0.00016002680581936524
2458928.0919964686	0.9974079850895812	0.00016014315688188947
2458928.092344268	0.9970518610792449	0.00015993436746449544
2458928.0926920683	0.9973327947135195	0.0001601602528519779
2458928.0933876676	0.9971871191505767	0.00016028601531818985
2458928.093735467	0.9971679525326069	0.00016014746378985997
2458928.0940832673	0.9972050410819895	0.00015978475301660033
2458928.0944310604	0.9968538166138656	0.00015993484596063206
2458928.094778855	0.997015421495538	0.0001599424635844903
2458928.095126655	0.9970677097041643	0.00016048315909546163
2458928.095474454	0.9973479298064419	0.00016026516451981602
2458928.095822254	0.9973665098741724	0.00016005497172471387
2458928.096170054	0.9973315325927193	0.0001600261681963054
2458928.096517854	0.9972537917061876	0.00016012452243273129
2458928.096865653	0.9974008011491111	0.0001600606860916024
2458928.0972134527	0.997379598344168	0.00016021000553791113
2458928.097561253	0.9973738153409945	0.00016003053071016657
2458928.0979090524	0.9975636722380649	0.00016012451361183933
2458928.098256852	0.9978244520748821	0.00016039174999036714
2458928.098604646	0.9977334480221656	0.00015995606656049558
2458928.09895244	0.9975489919674874	0.0001600941993243246
2458928.0993002397	0.9978681158419794	0.00016028082517331583
2458928.099648039	0.9977813494580665	0.00016016600259374987
2458928.0999958394	0.9976959352627394	0.00016004569674086427
2458928.1003436386	0.9977801132714931	0.0001600165526617217
2458928.1006914387	0.9981506121397825	0.00016022145333641143
2458928.101039238	0.9979137209498291	0.00016012602262794343
2458928.1013870435	0.9979996110015117	0.00016031357868162585
2458928.101734849	0.9981856016363891	0.00016010895866100085
2458928.102082649	0.9980951134910666	0.0001604452843613887
2458928.1024304484	0.9982675888911668	0.00016030262115783277
2458928.1027782485	0.9984099057170831	0.0001602279845765283
2458928.103126042	0.9986225935764779	0.0001603169710016616
2458928.103473836	0.9984132344588513	0.00016021592883987078
2458928.1038216357	0.9986427297146802	0.0001599330644122791
2458928.104169436	0.9984130574445194	0.00016009370058181913
2458928.104517235	0.9985292099858349	0.00016010217695719992
2458928.104865035	0.9990090412012474	0.00016036224565348596
2458928.1052128347	0.9986460155865099	0.00016022409931310647
2458928.1055606343	0.9987567072132678	0.0001602983346483163
2458928.105908434	0.9989642374005406	0.00015983861922677498
2458928.106256234	0.9991482880732664	0.00015979483298507008
2458928.106604033	0.9988017637399959	0.0001600033585387305
2458928.1069518332	0.9993115982913943	0.00016008967376469842
2458928.107299633	0.9992433396502194	0.0001600297336028222
2458928.1076474213	0.9992298697319865	0.00016019521162678816
2458928.1079952205	0.99932444581723	0.00016027714347428192
2458928.10834302	0.9996479661409573	0.00015991819150406559
2458928.110082019	0.9992539172310901	0.00016018398600387365
2458928.1104298183	0.9997038069753509	0.0001599317052134437
2458928.1107776184	0.9996490484501058	0.0001602481868068607
2458928.111125418	0.9996453456891983	0.0001600416142813217
2458928.1114732176	0.9998557465634456	0.00016016874402556363
2458928.111821011	0.9997151847385957	0.0001597400924988651
2458928.1121688057	1.0000077100559046	0.0001606004226807051
2458928.1125166053	1.0002526178092415	0.00016003799751792617
2458928.112864405	0.9996262658667494	0.00016004658139024438
2458928.1132122045	0.9999794797703483	0.00016029444679734314
2458928.1135600046	0.9999883517342131	0.00016049556233337496
2458928.113907804	1.0001198386985337	0.0001603756869908186
2458928.114255604	1.00025744049688	0.00015991328065399418
2458928.1146034035	0.9999848454040079	0.00015979006639528157
2458928.1149512036	0.9999385059762937	0.00016018156307213443
2458928.1152990027	0.9999227818890666	0.0001598996341649748
2458928.1156468024	0.9994988916842268	0.00016040275753427107
2458928.1159946024	1.0000371117009135	0.00016021936973395845
2458928.1163423965	1.0000638733304164	0.00016027042123337062
2458928.11669019	0.9998942428444696	0.00015997090755410598
2458928.11703799	1.0002257665200762	0.00016028657921004716
2458928.1173857898	1.000178974124199	0.00016013464619484954
2458928.1177335894	0.9999102005785678	0.00016029852976258855
2458928.1180813885	0.9997787332142184	0.00016036612235974286
2458928.118429189	1.0000927477006352	0.0001599023351230847
2458928.1187769882	0.9998390164579785	0.00016018072806374954
2458928.1191247883	1.000023803744196	0.00016002432566569082
2458928.1194725875	0.9998713233066016	0.00016030769847340804
2458928.119820387	0.999993805013821	0.00015985903292213294
2458928.120168187	1.0001410746297246	0.0001600848472782458
2458928.1205159808	1.000181810832207	0.00016037589765577427
2458928.120863781	1.0000048907625838	0.000160302264780113
2458928.1212115744	1.0002110477485286	0.00015992896982064194
2458928.1215593745	1.0001051260342846	0.00016034092266841376
2458928.1219071737	0.9998265609778825	0.00016014431176038607
2458928.1222549737	1.0002535139226538	0.00015997928171029442
2458928.1226027734	0.9999314412583936	0.00016021240056231494
2458928.122950573	0.9999209526388664	0.00016032326736199347
2458928.1232983726	0.9998905442392542	0.00016006133907763953
2458928.1236461727	0.9998133927630445	0.00016019262515473473
2458928.123993972	0.9998689018017953	0.00016033953629102904
2458928.124341772	1.00002402742201	0.0001599783640886059
2458928.1246895716	1.0000727985769964	0.00016041001361840254
2458928.1250373656	1.0001377693145908	0.00016024963921390078
2458928.125385159	0.9997225947250897	0.00016001910281645464
2458928.1257329592	1.0001808374184202	0.0001597052791333601
2458928.126080759	1.0000667313176657	0.00016016688849591708
2458928.126428558	0.9997906161969888	0.00016012070236973855
2458928.126776358	1.000315519642015	0.00016024045988021217
2458928.127471958	1.0001077025460747	0.00015988431941843786
2458928.127819757	0.999950357567753	0.00016030681556274655
2458928.128167557	0.999633863230277	0.0001600225863333621
2458928.1285153567	0.9997775522103488	0.00015996826470035828
2458928.1288631563	0.9998941885327254	0.00016025628971905217
2458928.129210956	0.9999464013125199	0.0001603288359529245
2458928.12955875	0.9999528725675456	0.00016021612790371087
2458928.129906544	0.9999126807235549	0.0001601131150819944
2458928.1302543436	1.0001986262011509	0.00015986030163705673
2458928.1306021432	0.9999141681552315	0.00016036694101839738
2458928.1309499433	1.0001462628135873	0.00016027683367927928
2458928.1312977425	1.0000001085747512	0.0001602310659520919
2458928.131645542	1.000356163907095	0.00016036722445616973
2458928.131993342	0.9997868718871057	0.00015972809149552414
2458928.1323411413	1.000191890002452	0.00016011705413819093
2458928.1326889414	0.999750179298782	0.00016004283250073105
2458928.133036741	1.00000572993547	0.0001601138391669144
2458928.133384541	0.9997151779176704	0.00016006485296809686
2458928.1337323342	1.0002168425210987	0.00016004302500873498
2458928.1340801287	1.0002148880121697	0.0001600850432725037
2458928.1344279284	1.0000383017518792	0.00015995474296098038
2458928.134775728	1.0001219665902996	0.00016019732686943516
2458928.1351235276	0.9998297266763528	0.00016056354617112868
2458928.1354713277	1.0000304269169784	0.00015998561943536012
2458928.1358191273	0.9998267653546535	0.00016023135815395573
2458928.1361669265	0.9999868708221169	0.0001598551317555103
2458928.136514726	0.9997870382932971	0.00016017577389577182
2458928.136862526	1.0000825318854993	0.0001601123540612307
2458928.137210326	0.9997191762119586	0.0001602185497647056
2458928.1375581254	0.999881100394568	0.0001603935924361589
2458928.1379059255	0.9999486831512137	0.00016023169483292028
2458928.138253719	1.0000138052391898	0.00015997193383123875
2458928.138601513	1.0002140153389552	0.00016038510995542915
2458928.1389493123	1.000005011935747	0.0001601643905451808
2458928.139297113	0.9997645684235063	0.00015980391144784726
2458928.139644912	1.000171003910571	0.0001600287615256537
2458928.1399927116	0.9999708182393637	0.0001600294957157359
2458928.140340511	0.9997163837553472	0.00016000243601323004
2458928.140688311	0.9998537995096265	0.0001604013009002824
2458928.141036111	1.000220545251407	0.00016034631835502272
2458928.14138391	0.9998968376566141	0.0001594896115554924
2458928.1417317106	1.0002045162602806	0.0001601435225062695
2458928.14207951	1.0002085784656918	0.0001600002173252285
2458928.1424273094	0.9998204719404687	0.0001600378789956142
2458928.1427751034	0.9998992105648815	0.00016004796859412536
2458928.143122898	1.0000195426946363	0.00015972316926129285
2458928.143470697	0.9999369016803389	0.00016013230769571166
2458928.1438184963	1.0000001729489394	0.00016000016131032633
2458928.1441662963	1.0002872654027875	0.00015971523144795664
2458928.144514096	0.99982466286505	0.00015994357234544638
2458928.144861896	0.9999040104642047	0.0001600803327057105
2458928.145905295	1.0000930877879484	0.0001599370784150968
2458928.1462530945	0.9998756857888783	0.00016021762831142344
2458928.146600894	0.999780277665677	0.0001599844698122114
2458928.1469486877	0.999964423341024	0.00016015399828948958
2458928.147296482	0.9997414810295656	0.0001602673080439563
2458928.1476442814	0.9998348157704217	0.00015960407527486475
2458928.1479920815	0.9998717677707493	0.00016015037107009456
2458928.148339881	1.0001576345115981	0.00015998122622695352
2458928.1486876807	1.0001492291995422	0.0001603910572150963
2458928.1490354803	1.0000495952649173	0.00016020518324652385
2458928.1493832804	0.9999940537231335	0.00016035430731737863
2458928.1497310796	0.9999472365956994	0.00016038496203316975
2458928.150078879	1.0001139728416613	0.00016022453623029486
2458928.1504266793	1.000142149416213	0.0001600132239909224
2458928.150774479	0.9997760421543581	0.00015992505332650204
2458928.1511222785	1.0001640677560977	0.00016001514980259113
2458928.151470072	1.0002119353509997	0.00016000313748247926
2458928.1518178666	1.000026148447946	0.00016005184628787664
2458928.1521656658	0.9998738589594761	0.000160155515555867
2458928.1525134654	1.0000666491312913	0.00015993310681142815
2458928.1528612655	1.0001195703467347	0.0001602524914419268
2458928.153209065	1.000141734953326	0.0001600053140167934
2458928.1535568647	0.9997081186984071	0.00015998068405702925
2458928.1539046643	1.0000978731595247	0.00016024729578700112
2458928.1542524644	1.0003356692668037	0.00016032558724793342
2458928.1546002636	1.0000977126915511	0.00016000855943829403
2458928.1549480637	1.0003258428559147	0.0001599408939221386
2458928.1552958633	0.9999634494878286	0.00016036237933605057
2458928.1556436624	1.0002522962854632	0.00015979617926148017
2458928.1559914565	0.9999294132308473	0.00016036676526260096
2458928.15633925	1.0000264869265711	0.0001600732229254891
2458928.1566870506	0.9997197662539477	0.00015970894438937732
2458928.1570348497	0.9999701761777605	0.0001601590013293686
2458928.15738265	1.0002655263764324	0.00016005223065050712
2458928.1577304495	0.9999622044133533	0.0001603449891475703
2458928.1580782486	0.9999025563756786	0.0001604578834201823
2458928.1584260487	0.9998573392544727	0.0001598513613007491
2458928.158773848	1.000280580400865	0.00016000301688052286
2458928.1591216484	0.9998296809639814	0.000160271981994585
2458928.159469453	1.0000258583350357	0.00016033959062324276
2458928.159817259	1.000219818686744	0.0001599337232171474
2458928.160165053	0.9999612293856615	0.00015999130815452334
2458928.1605128464	1.000180892033072	0.00016040142773060718
2458928.1608606465	1.000037492719951	0.0001602984170130147
2458928.1612084457	1.0000190605405745	0.00015995587417346802
2458928.1615562458	0.999910099305657	0.00016041990831914881
2458928.1619040454	1.0002531929488905	0.00015989981190728088
2458928.162251845	0.9999313086187567	0.00016023283933928927
2458928.1625996446	0.9999626895201398	0.00016024112596972831
2458928.1629474442	0.9997644927130114	0.00016004495537618376
2458928.163295244	0.999863189394092	0.0001600573653310026
2458928.1636430435	1.000088493902494	0.0001605058230955012
2458928.1639908436	0.9999408053085046	0.00015997324824479028
2458928.164338643	1.0001920430218727	0.00016022170668354195
2458928.1646864363	1.0000122192622394	0.0001600319418252714
2458928.165034231	0.9999680987049115	0.0001598856362690124
2458928.1653820304	1.0001731106006633	0.0001599774311330544
2458928.16572983	1.0002821196955394	0.00016028474823032675
2458928.1660776297	1.0002242984616425	0.00016007690640911456
2458928.1664254298	1.0002596643139803	0.00016052887663046056
2458928.1667732294	0.9997568488947471	0.00016000383261294284
2458928.1671210285	0.9996412870306219	0.00016022720004034798
2458928.1674688286	1.0003335006056806	0.00015997306222064584
2458928.1678166282	1.000131391354119	0.0001601691755992473
2458928.168164428	1.0000632526582038	0.00015997158687615934
2458928.1685122275	0.9999226261412593	0.00016008051994777692
2458928.1688600276	1.0002232369763642	0.000160267677727358
2458928.1692078155	1.0000765561340195	0.000160310403390668
2458928.1695556147	0.9998855476493133	0.00015998137710374278
2458928.169903415	1.0001632513691714	0.00016013136023141256
2458928.1702512144	1.0000110687164914	0.00016010456801321437
2458928.170599014	1.0000269601718919	0.00016034894900396663
2458928.1709468137	1.0000632578627986	0.00015980915291701126
2458928.1712946133	0.9998699875616753	0.00016009841230450094
2458928.171642413	1.0001036299839585	0.0001600847956483515
2458928.1719902125	0.9999385648516909	0.0001598275591281581
2458928.1723380126	0.9997860739582721	0.00016026788562275738
2458928.172685812	1.0002060294663686	0.0001601114656519727
2458928.173033612	1.0001140646617468	0.00015976804169760033
2458928.173381411	0.9998176486435529	0.00016013445140644378
2458928.1737291995	1.000125114812225	0.00016004674093447098
2458928.1740769995	1.000120138894619	0.00016006850940683253
2458928.1744247987	1.0001154448957639	0.00016012758577826003
2458928.174772599	0.9999737668296145	0.0001601408644983644
2458928.1751203984	0.9999318162851127	0.00015991719211203812
2458928.1754681976	1.0000747813132473	0.00016013794090818766
